Chr	FungPos	CO.Type	Chromatid1	Chromatid2	GC.tracLength	GC.nbSNP	is.gc	Tetrad	CO.Event	Tetrad.CO.Event	SNP.F1	SNP.F2	SNP.MAP.F1	SNP.MAP.F2	SNP.MAP.GC	SNP.1	SNP.2	D1	D2	medianD	minTL	maxTL	Conv.ColLer	Conv.LerCol	Genotype
Chr1	26472025.5	1	2	4	742	4	TRUE	Fa_Tet6	1	Fa_Tet6_CO_1	26471326	26472579	7	13	7_15_15_15_15_13	26471983	26472214	657	365	742	232	1253	0	4	Fa
Chr1	4273478.75	1	2	4	314.5	4	TRUE	Fa_Tet6	2	Fa_Tet6_CO_2	4273106	4273662	13	7	13_5_5_5_5_7	4273537	4273610	431	52	314.5	74	556	4	0	Fa
Chr2	10658361.5	0	2	4	0	0	FALSE	Fa_Tet6	3	Fa_Tet6_CO_3	10655803	10660920	10	4	10_4	10655803	10660920	0	0	0	0	0	0	0	Fa
Chr2	493299.5	0	1	3	0	0	FALSE	Fa_Tet6	4	Fa_Tet6_CO_4	493083	493516	13	10	13_10	493083	493516	0	0	0	0	0	0	0	Fa
Chr3	4790419.5	1	3	4	406	1	TRUE	Fa_Tet6	5	Fa_Tet6_CO_5	4789938	4790750	6	10	6_2_10	4790495	4790495	557	255	406	1	812	1	0	Fa
Chr3	22427102.75	1	1	3	1288.5	1	TRUE	Fa_Tet6	6	Fa_Tet6_CO_6	22425734	22428311	10	13	10_9_13	22427183	22427183	1449	1128	1288.5	1	2577	1	0	Fa
Chr4	179877.75	1	1	3	733.5	2	TRUE	Fa_Tet6	7	Fa_Tet6_CO_7	179114	180425	4	7	4_8_8_7	179908	180064	794	361	733.5	157	1311	0	2	Fa
Chr4	14700209.25	1	1	2	602.5	2	TRUE	Fa_Tet6	8	Fa_Tet6_CO_8	14699780	14700823	7	6	7_5_5_6	14700036	14700198	256	625	602.5	163	1043	2	0	Fa
Chr5	3230056	0	1	3	0	0	FALSE	Fa_Tet6	9	Fa_Tet6_CO_9	3229661	3230451	13	10	13_10	3229661	3230451	0	0	0	0	0	0	0	Fa
Chr5	16878681	0	2	4	0	0	FALSE	Fa_Tet6	10	Fa_Tet6_CO_10	16878178	16879184	10	4	10_4	16878178	16879184	0	0	0	0	0	0	0	Fa
Chr5	25092478.25	1	2	4	910.5	9	TRUE	Fa_Tet6	11	Fa_Tet6_CO_11	25091896	25093124	4	10	4_12_12_12_12_12_12_12_12_12_10	25092150	25092743	254	381	910.5	594	1228	0	9	Fa
Chr1	27973978.25	1	1	3	1086.5	5	TRUE	FiFa_Tet14	1	FiFa_Tet14_CO_1	27973334	27974913	10	13	10_9_9_9_9_9_13	27973536	27974130	202	783	1086.5	595	1579	5	0	Fa
Chr1	4973517.5	0	2	4	0	0	FALSE	FiFa_Tet14	6	FiFa_Tet14_CO_6	4969845	4977190	7	13	7_13	4969845	4977190	0	0	0	0	0	0	0	FiFa
Chr1	7427375.25	1	1	3	1765.5	1	TRUE	FiFa_Tet14	7	FiFa_Tet14_CO_7	7425374	7428905	13	10	13_9_10	7427611	7427611	2237	1294	1765.5	1	3531	1	0	FiFa
Chr1	4527349.5	1	1	3	1361	1	TRUE	FiFa_Tet14	8	FiFa_Tet14_CO_8	4526278	4529000	4	7	4_3_7	4527060	4527060	782	1940	1361	1	2722	1	0	FiFa
Chr2	18350201.5	1	3	4	597	3	TRUE	FiFa_Tet14	9	FiFa_Tet14_CO_9	18349656	18350739	6	10	6_14_14_14_10	18350150	18350261	494	478	597	112	1083	0	3	FiFa
Chr2	355497	1	1	2	NA	8	TRUE	FiFa_Tet14	10	FiFa_Tet14_CO_10	352965	355672	6	7	6_14_6_6_6_6_6_6_6_7	353037	355322	72	350	2496	2286	2707	0	1	FiFa
Chr2	9571029	1	1	2	1350	2	TRUE	FiFa_Tet14	11	FiFa_Tet14_CO_11	9570129	9572595	7	6	7_5_5_6	9570579	9570813	450	1782	1350	235	2466	2	0	FiFa
Chr3	21233418	0	1	2	0	0	FALSE	FiFa_Tet14	12	FiFa_Tet14_CO_12	21233300	21233536	7	6	7_6	21233300	21233536	0	0	0	0	0	0	0	FiFa
Chr4	159549	1	1	2	1048	2	TRUE	FiFa_Tet14	13	FiFa_Tet14_CO_13	158613	160421	6	7	6_5_5_7	159437	159725	824	696	1048	289	1808	2	0	FiFa
Chr4	17606631.5	1	1	4	NA	18	TRUE	FiFa_Tet14	14	FiFa_Tet14_CO_14	17605283	17610179	11	4	11_3_11_11_3_3_3_3_3_3_3_3_3_3_3_3_3_3_2_4	17605594	17608214	311	1965	3758	2621	4896	16	0	FiFa
Chr4	16453785.5	1	3	4	1765	3	TRUE	FiFa_Tet14	15	FiFa_Tet14_CO_15	16452695	16454785	7	11	7_3_3_3_11	16453111	16454551	416	234	1765	1441	2090	3	0	FiFa
Chr5	21643172.75	1	1	3	835.5	1	TRUE	FiFa_Tet14	16	FiFa_Tet14_CO_16	21641986	21643657	7	4	7_3_4	21643524	21643524	1538	133	835.5	1	1671	1	0	FiFa
Chr1	17288146.5	1	2	3	542	2	TRUE	FiFa_Tet15	1	FiFa_Tet15_CO_1	17287683	17288753	11	13	11_15_15_13	17288068	17288082	385	671	542	15	1070	0	2	FiFa
Chr1	28788022	0	2	4	0	0	FALSE	FiFa_Tet15	2	FiFa_Tet15_CO_2	28760401	28815643	13	7	13_7	28760401	28815643	0	0	0	0	0	0	0	FiFa
Chr1	29315401.25	1	1	2	4175.5	4	TRUE	FiFa_Tet15	3	FiFa_Tet15_CO_3	29313162	29318199	7	6	7_5_5_5_5_6	29313465	29316779	303	1420	4175.5	3315	5037	4	0	FiFa
Chr1	29526010	0	1	4	0	0	FALSE	FiFa_Tet15	4	FiFa_Tet15_CO_4	29525717	29526303	6	13	6_13	29525717	29526303	0	0	0	0	0	0	0	FiFa
Chr1	132847	0	3	4	0	0	FALSE	FiFa_Tet15	5	FiFa_Tet15_CO_5	129841	135853	7	11	7_11	129841	135853	0	0	0	0	0	0	0	FiFa
Chr2	937623.5	0	2	3	0	0	FALSE	FiFa_Tet15	6	FiFa_Tet15_CO_6	937377	937870	4	6	4_6	937377	937870	0	0	0	0	0	0	0	FiFa
Chr2	16629577	1	2	3	1478	2	TRUE	FiFa_Tet15	7	FiFa_Tet15_CO_7	16628536	16630487	6	4	6_8_8_4	16629140	16630145	604	342	1478	1006	1951	0	2	FiFa
Chr3	21459149.5	0	3	4	0	0	FALSE	FiFa_Tet15	8	FiFa_Tet15_CO_8	21453235	21465064	11	7	11_7	21453235	21465064	0	0	0	0	0	0	0	FiFa
Chr3	21024687.5	1	3	4	731	1	TRUE	FiFa_Tet15	9	FiFa_Tet15_CO_9	21023931	21025393	7	11	7_15_11	21024713	21024713	782	680	731	1	1462	0	1	FiFa
Chr3	20586331.75	1	1	2	773.5	2	TRUE	FiFa_Tet15	10	FiFa_Tet15_CO_10	20585720	20587140	6	7	6_8_8_7	20586170	20586297	450	843	773.5	128	1420	0	2	FiFa
Chr3	3720961	0	3	4	0	0	FALSE	FiFa_Tet15	11	FiFa_Tet15_CO_11	3718893	3723029	11	7	11_7	3718893	3723029	0	0	0	0	0	0	0	FiFa
Chr3	6469121.25	1	1	2	516.5	2	TRUE	FiFa_Tet15	12	FiFa_Tet15_CO_12	6468618	6469596	7	6	7_5_5_6	6469108	6469163	490	433	516.5	56	978	2	0	FiFa
Chr4	8875195.5	1	2	4	568	1	TRUE	FiFa_Tet15	13	FiFa_Tet15_CO_13	8874575	8875711	13	7	13_5_7	8875248	8875248	673	463	568	1	1136	1	0	FiFa
Chr4	7958771.5	0	2	3	0	0	FALSE	FiFa_Tet15	14	FiFa_Tet15_CO_14	7958424	7959119	11	13	11_13	7958424	7959119	0	0	0	0	0	0	0	FiFa
Chr5	26631652	1	1	2	2345	3	TRUE	FiFa_Tet15	15	FiFa_Tet15_CO_15	26630232	26634288	7	6	7_8_8_8_6	26630727	26631361	495	2927	2345	635	4056	0	3	FiFa
Chr5	23084146.75	1	2	4	5302.5	17	TRUE	FiFa_Tet15	16	FiFa_Tet15_CO_16	23081094	23086819	13	7	13_15_15_15_15_15_15_15_15_15_15_15_15_15_15_15_15_15_7	23081897	23086777	803	42	5302.5	4881	5725	0	17	FiFa
Chr5	18766579.75	1	1	4	124.5	2	TRUE	FiFa_Tet15	17	FiFa_Tet15_CO_17	18766448	18766686	6	13	6_14_14_13	18766587	18766598	139	88	124.5	12	238	0	2	FiFa
Chr5	4226048.5	0	2	3	0	0	FALSE	FiFa_Tet15	18	FiFa_Tet15_CO_18	4225677	4226420	4	6	4_6	4225677	4226420	0	0	0	0	0	0	0	FiFa
Chr1	24573024	0	2	4	0	0	FALSE	Fi_Tet8	1	Fi_Tet8_CO_1	24571555	24574493	13	7	13_7	24571555	24574493	0	0	0	0	0	0	0	Fi
Chr1	4432122.5	0	2	3	0	0	FALSE	Fi_Tet8	2	Fi_Tet8_CO_2	4431865	4432380	11	13	11_13	4431865	4432380	0	0	0	0	0	0	0	Fi
Chr1	2407573.5	0	3	4	0	0	FALSE	Fi_Tet8	3	Fi_Tet8_CO_3	2406953	2408194	7	11	7_11	2406953	2408194	0	0	0	0	0	0	0	Fi
Chr2	7392673.5	1	1	3	858	3	TRUE	Fi_Tet8	4	Fi_Tet8_CO_4	7392141	7393440	13	10	13_9_9_9_10	7392348	7392765	207	675	858	418	1299	3	0	Fi
Chr2	15012980.5	0	1	3	0	0	FALSE	Fi_Tet8	5	Fi_Tet8_CO_5	15011849	15014112	10	13	10_13	15011849	15014112	0	0	0	0	0	0	0	Fi
Chr3	958327	0	2	3	0	0	FALSE	Fi_Tet8	6	Fi_Tet8_CO_6	957309	959345	6	4	6_4	957309	959345	0	0	0	0	0	0	0	Fi
Chr3	19730338.25	1	1	4	827.5	2	TRUE	Fi_Tet8	7	Fi_Tet8_CO_7	19729442	19730815	4	11	4_3_3_11	19730407	19730689	965	126	827.5	283	1373	2	0	Fi
Chr4	10104170.5	1	2	4	953	2	TRUE	Fi_Tet8	8	Fi_Tet8_CO_8	10102889	10104733	13	7	13_15_15_7	10104499	10104561	1610	172	953	63	1844	0	2	Fi
Chr4	391530.5	0	2	3	0	0	FALSE	Fi_Tet8	9	Fi_Tet8_CO_9	390891	392170	11	13	11_13	390891	392170	0	0	0	0	0	0	0	Fi
Chr5	8512280.5	1	1	4	965	7	TRUE	Fi_Tet8	10	Fi_Tet8_CO_10	8511625	8512807	6	13	6_5_5_5_5_5_5_5_13	8511971	8512719	346	88	965	749	1182	7	0	Fi
Chr5	22972856.5	1	1	4	384	1	TRUE	Fi_Tet8	11	Fi_Tet8_CO_11	22972345	22973113	13	6	13_14_6	22972984	22972984	639	129	384	1	768	0	1	Fi
Chr5	3241997.5	0	2	3	0	0	FALSE	Fi_Tet8	12	Fi_Tet8_CO_12	3240922	3243073	4	6	4_6	3240922	3243073	0	0	0	0	0	0	0	Fi
Chr1	4692586.5	0	3	4	0	0	FALSE	Fi_Tet9	1	Fi_Tet9_CO_1	4690603	4694570	11	7	11_7	4690603	4694570	0	0	0	0	0	0	0	Fi
Chr1	26306847	0	1	2	0	0	FALSE	Fi_Tet9	6	Fi_Tet9_CO_6	26306025	26307669	7	6	7_6	26306025	26307669	0	0	0	0	0	0	0	Fi
Chr1	4558390.5	0	2	3	0	0	FALSE	Fi_Tet9	7	Fi_Tet9_CO_7	4557169	4559612	13	11	13_11	4557169	4559612	0	0	0	0	0	0	0	Fi
Chr2	8305574	1	3	4	584	3	TRUE	Fi_Tet9	8	Fi_Tet9_CO_8	8304840	8305895	10	6	10_14_14_14_6	8305724	8305837	884	58	584	114	1055	0	3	Fi
Chr3	4982791.5	0	1	3	0	0	FALSE	Fi_Tet9	9	Fi_Tet9_CO_9	4982230	4983353	13	10	13_10	4982230	4983353	0	0	0	0	0	0	0	Fi
Chr3	17589595	1	1	2	2220	6	TRUE	Fi_Tet9	10	Fi_Tet9_CO_10	17588292	17590969	10	11	10_12_11_12_12_12_12_11	17588678	17590441	386	528	2220	1764	2677	0	5	Fi
Chr3	22127734.5	0	2	3	0	0	FALSE	Fi_Tet9	11	Fi_Tet9_CO_11	22126906	22128563	11	13	11_13	22126906	22128563	0	0	0	0	0	0	0	Fi
Chr4	190405	0	1	3	0	0	FALSE	Fi_Tet9	12	Fi_Tet9_CO_12	190004	190806	13	10	13_10	190004	190806	0	0	0	0	0	0	0	Fi
Chr5	17434362	1	2	4	1239	3	TRUE	Fi_Tet9	13	Fi_Tet9_CO_13	17433241	17435581	7	13	7_5_5_5_13	17434244	17434382	1003	1199	1239	139	2340	3	0	Fi
Chr5	1595396	1	3	4	1272	4	TRUE	Fi_Tet9	14	Fi_Tet9_CO_14	1593708	1596086	11	7	11_3_3_3_3_7	1595812	1595978	2104	108	1272	167	2378	4	0	Fi
Chr1	28180529.5	1	1	4	982	1	TRUE	QAB_Tet11	1	QAB_Tet11_CO_1	28179141	28181105	13	6	13_14_6	28180936	28180936	1795	169	982	1	1964	0	1	QAB
Chr1	17424199.75	1	1	4	557.5	1	TRUE	QAB_Tet11	2	QAB_Tet11_CO_2	17423502	17424617	6	13	6_5_13	17424340	17424340	838	277	557.5	1	1115	1	0	QAB
Chr1	30267426.25	1	1	2	NA	3	TRUE	QAB_Tet11	7	QAB_Tet11_CO_7	30266692	30269146	7	6	7_5_6_5_6	30267370	30268389	678	757	1736.5	1020	2454	2	0	QAB
Chr1	28679502	0	1	2	0	0	FALSE	QAB_Tet11	8	QAB_Tet11_CO_8	28651893	28707111	6	7	6_7	28651893	28707111	0	0	0	0	0	0	0	QAB
Chr1	544449.5	0	2	3	0	0	FALSE	QAB_Tet11	9	QAB_Tet11_CO_9	528348	560551	4	6	4_6	528348	560551	0	0	0	0	0	0	0	QAB
Chr2	15076518	0	2	4	0	0	FALSE	QAB_Tet11	10	QAB_Tet11_CO_10	15075195	15077841	10	4	10_4	15075195	15077841	0	0	0	0	0	0	0	QAB
Chr2	17356637	1	1	3	1168	2	TRUE	QAB_Tet11	11	QAB_Tet11_CO_11	17355101	17357427	4	7	4_3_3_7	17357005	17357015	1904	412	1168	11	2326	2	0	QAB
Chr2	14201093.75	8	1	2	1381.5	4	TRUE	QAB_Tet11	12	QAB_Tet11_CO_12	14199880	14202112	11	10	11_4_12_12_12_10	14200926	14201457	1046	655	1381.5	532	2232	0	3	QAB
Chr2	18783021.5	1	1	2	NA	14	TRUE	QAB_Tet11	13	QAB_Tet11_CO_13	18779350	18783469	7	6	7_8_7_7_7_7_7_7_7_7_7_7_7_7_7_6	18780268	18782574	918	895	3212.5	2307	4119	0	1	QAB
Chr3	1635872.5	0	2	4	0	0	FALSE	QAB_Tet11	14	QAB_Tet11_CO_14	1634838	1636907	7	13	7_13	1634838	1636907	0	0	0	0	0	0	0	QAB
Chr3	22108847.5	0	2	3	0	0	FALSE	QAB_Tet11	15	QAB_Tet11_CO_15	22108440	22109255	4	6	4_6	22108440	22109255	0	0	0	0	0	0	0	QAB
Chr3	2641910.5	1	2	3	633	1	TRUE	QAB_Tet11	16	QAB_Tet11_CO_16	2641229	2642495	13	11	13_15_11	2641959	2641959	730	536	633	1	1266	0	1	QAB
Chr3	7419075.5	0	2	3	0	0	FALSE	QAB_Tet11	17	QAB_Tet11_CO_17	7418662	7419489	4	6	4_6	7418662	7419489	0	0	0	0	0	0	0	QAB
Chr3	22991876	0	1	2	0	0	FALSE	QAB_Tet11	18	QAB_Tet11_CO_18	22991606	22992146	6	7	6_7	22991606	22992146	0	0	0	0	0	0	0	QAB
Chr3	7177779.5	0	2	4	0	0	FALSE	QAB_Tet11	19	QAB_Tet11_CO_19	7177467	7178092	10	4	10_4	7177467	7178092	0	0	0	0	0	0	0	QAB
Chr3	219814	0	3	4	0	0	FALSE	QAB_Tet11	20	QAB_Tet11_CO_20	219687	219941	11	7	11_7	219687	219941	0	0	0	0	0	0	0	QAB
Chr3	4623292	0	1	2	0	0	FALSE	QAB_Tet11	21	QAB_Tet11_CO_21	4623135	4623449	11	10	11_10	4623135	4623449	0	0	0	0	0	0	0	QAB
Chr3	18011690.5	0	2	3	0	0	FALSE	QAB_Tet11	22	QAB_Tet11_CO_22	18011203	18012178	6	4	6_4	18011203	18012178	0	0	0	0	0	0	0	QAB
Chr4	8755280.5	1	3	4	NA	27	TRUE	QAB_Tet11	23	QAB_Tet11_CO_23	8753609	8755663	11	7	11_12_11_11_11_11_11_11_11_11_11_11_11_11_11_11_11_3_3_3_3_3_3_3_3_3_3_3_7	8753693	8755594	84	69	1977.5	1902	2054	11	1	QAB
Chr5	24667856.25	1	2	4	969.5	3	TRUE	QAB_Tet11	24	QAB_Tet11_CO_24	24667266	24668584	10	4	10_12_12_12_4	24667477	24668098	211	486	969.5	622	1318	0	3	QAB
Chr5	8734736.5	0	2	3	0	0	FALSE	QAB_Tet11	25	QAB_Tet11_CO_25	8733909	8735564	13	11	13_11	8733909	8735564	0	0	0	0	0	0	0	QAB
Chr5	21256631.5	0	1	2	0	0	FALSE	QAB_Tet11	26	QAB_Tet11_CO_26	21255341	21257922	11	10	11_10	21255341	21257922	0	0	0	0	0	0	0	QAB
Chr5	1144006	0	1	2	0	0	FALSE	QAB_Tet11	27	QAB_Tet11_CO_27	1143561	1144451	7	6	7_6	1143561	1144451	0	0	0	0	0	0	0	QAB
Chr5	7380449.5	0	1	4	0	0	FALSE	QAB_Tet11	28	QAB_Tet11_CO_28	7378125	7382774	6	13	6_13	7378125	7382774	0	0	0	0	0	0	0	QAB
Chr1	17299082	1	3	4	614	4	TRUE	QAB_Tet12	3	QAB_Tet12_CO_3	17298520	17299572	11	7	11_3_3_3_3_7	17299030	17299206	510	366	614	177	1052	4	0	QAB
Chr1	26533485.5	0	2	4	0	0	FALSE	QAB_Tet12	4	QAB_Tet12_CO_4	26531838	26535133	10	4	10_4	26531838	26535133	0	0	0	0	0	0	0	QAB
Chr1	1571092.5	0	1	2	0	0	FALSE	QAB_Tet12	5	QAB_Tet12_CO_5	1570514	1571671	7	6	7_6	1570514	1571671	0	0	0	0	0	0	0	QAB
Chr1	17918008.5	0	1	2	0	0	FALSE	QAB_Tet12	6	QAB_Tet12_CO_6	17916654	17919363	7	6	7_6	17916654	17919363	0	0	0	0	0	0	0	QAB
Chr1	25318227.5	0	3	4	0	0	FALSE	QAB_Tet12	7	QAB_Tet12_CO_7	25317956	25318499	6	10	6_10	25317956	25318499	0	0	0	0	0	0	0	QAB
Chr1	8048628	0	1	4	0	0	FALSE	QAB_Tet12	8	QAB_Tet12_CO_8	8046881	8050375	6	13	6_13	8046881	8050375	0	0	0	0	0	0	0	QAB
Chr1	238286.5	0	1	3	0	0	FALSE	QAB_Tet12	11	QAB_Tet12_CO_11	210319	266254	4	7	4_7	210319	266254	0	0	0	0	0	0	0	QAB
Chr1	10960138	0	2	3	0	0	FALSE	QAB_Tet12	12	QAB_Tet12_CO_12	10957985	10962291	13	11	13_11	10957985	10962291	0	0	0	0	0	0	0	QAB
Chr2	17073063.5	1	2	3	273	1	TRUE	QAB_Tet12	13	QAB_Tet12_CO_13	17072797	17073343	13	11	13_15_11	17073057	17073057	260	286	273	1	546	0	1	QAB
Chr2	13937415	0	2	3	0	0	FALSE	QAB_Tet12	14	QAB_Tet12_CO_14	13936210	13938620	11	13	11_13	13936210	13938620	0	0	0	0	0	0	0	QAB
Chr2	608836.5	1	2	3	470	1	TRUE	QAB_Tet12	15	QAB_Tet12_CO_15	608355	609295	13	11	13_9_11	608848	608848	493	447	470	1	940	1	0	QAB
Chr3	10756929.5	0	3	4	0	0	FALSE	QAB_Tet12	16	QAB_Tet12_CO_16	10756262	10757597	7	11	7_11	10756262	10757597	0	0	0	0	0	0	0	QAB
Chr3	3266774	0	1	4	0	0	FALSE	QAB_Tet12	17	QAB_Tet12_CO_17	3254469	3279079	11	4	11_4	3254469	3279079	0	0	0	0	0	0	0	QAB
Chr3	6267837	1	1	2	717	4	TRUE	QAB_Tet12	18	QAB_Tet12_CO_18	6267014	6268353	6	7	6_5_5_5_5_7	6267943	6268038	929	315	717	96	1339	4	0	QAB
Chr3	5773948	0	2	3	0	0	FALSE	QAB_Tet12	19	QAB_Tet12_CO_19	5771877	5776019	4	6	4_6	5771877	5776019	0	0	0	0	0	0	0	QAB
Chr3	1706894.5	0	3	4	0	0	FALSE	QAB_Tet12	20	QAB_Tet12_CO_20	1706227	1707562	7	11	7_11	1706227	1707562	0	0	0	0	0	0	0	QAB
Chr4	14015015.5	0	1	2	0	0	FALSE	QAB_Tet12	23	QAB_Tet12_CO_23	14014186	14015845	6	7	6_7	14014186	14015845	0	0	0	0	0	0	0	QAB
Chr4	14975837.5	0	1	3	0	0	FALSE	QAB_Tet12	26	QAB_Tet12_CO_26	14975325	14976350	7	4	7_4	14975325	14976350	0	0	0	0	0	0	0	QAB
Chr5	7417211.5	0	1	2	0	0	FALSE	QAB_Tet12	27	QAB_Tet12_CO_27	7413709	7420714	11	10	11_10	7413709	7420714	0	0	0	0	0	0	0	QAB
Chr5	1948322	0	1	4	0	0	FALSE	QAB_Tet12	28	QAB_Tet12_CO_28	1948070	1948574	4	11	4_11	1948070	1948574	0	0	0	0	0	0	0	QAB
Chr5	26054622.5	0	1	4	0	0	FALSE	QAB_Tet12	29	QAB_Tet12_CO_29	26054418	26054827	4	11	4_11	26054418	26054827	0	0	0	0	0	0	0	QAB
Chr5	21792359	0	1	3	0	0	FALSE	QAB_Tet12	30	QAB_Tet12_CO_30	21788524	21796194	7	4	7_4	21788524	21796194	0	0	0	0	0	0	0	QAB
Chr5	16867231.5	1	3	4	1322	1	TRUE	QAB_Tet12	31	QAB_Tet12_CO_31	16865895	16868539	11	7	11_3_7	16867246	16867246	1351	1293	1322	1	2644	1	0	QAB
Chr5	26217586	0	2	3	0	0	FALSE	QAB_Tet12	32	QAB_Tet12_CO_32	26216717	26218455	11	13	11_13	26216717	26218455	0	0	0	0	0	0	0	QAB
Chr5	8137995.5	0	1	2	0	0	FALSE	QAB_Tet12	33	QAB_Tet12_CO_33	8134783	8141208	10	11	10_11	8134783	8141208	0	0	0	0	0	0	0	QAB
Chr1	2910380.75	1	2	3	NA	5	TRUE	QAB_Tet13	1	QAB_Tet13_CO_1	2909236	2915179	6	4	6_2_2_4_4_12_4	2910372	2913921	1136	1258	4746	3550	5943	2	1	QAB
Chr1	8610253	0	1	3	0	0	FALSE	QAB_Tet13	2	QAB_Tet13_CO_2	8609840	8610666	7	4	7_4	8609840	8610666	0	0	0	0	0	0	0	QAB
Chr1	20149714	0	1	3	0	0	FALSE	QAB_Tet13	3	QAB_Tet13_CO_3	20145109	20154319	4	7	4_7	20145109	20154319	0	0	0	0	0	0	0	QAB
Chr1	6974039	0	1	3	0	0	FALSE	QAB_Tet13	4	QAB_Tet13_CO_4	6973091	6974987	4	7	4_7	6973091	6974987	0	0	0	0	0	0	0	QAB
Chr2	13361173.5	0	2	3	0	0	FALSE	QAB_Tet13	5	QAB_Tet13_CO_5	13360374	13361973	4	6	4_6	13360374	13361973	0	0	0	0	0	0	0	QAB
Chr2	15873648	0	1	4	0	0	FALSE	QAB_Tet13	6	QAB_Tet13_CO_6	15872449	15874847	13	6	13_6	15872449	15874847	0	0	0	0	0	0	0	QAB
Chr2	19627802.5	0	1	2	0	0	FALSE	QAB_Tet13	7	QAB_Tet13_CO_7	19627421	19628184	6	7	6_7	19627421	19628184	0	0	0	0	0	0	0	QAB
Chr2	15712299	0	1	4	0	0	FALSE	QAB_Tet13	8	QAB_Tet13_CO_8	15706732	15717866	6	13	6_13	15706732	15717866	0	0	0	0	0	0	0	QAB
Chr3	15878859.5	0	1	2	0	0	FALSE	QAB_Tet13	9	QAB_Tet13_CO_9	15877976	15879743	7	6	7_6	15877976	15879743	0	0	0	0	0	0	0	QAB
Chr3	15666679.25	1	1	3	769.5	10	TRUE	QAB_Tet13	10	QAB_Tet13_CO_10	15666200	15667078	4	7	4_8_8_8_8_8_8_8_8_8_8_7	15666389	15667050	189	28	769.5	662	878	0	10	QAB
Chr4	10031942	0	1	3	0	0	FALSE	QAB_Tet13	11	QAB_Tet13_CO_11	10031378	10032506	10	13	10_13	10031378	10032506	0	0	0	0	0	0	0	QAB
Chr4	8751477.5	1	2	4	NA	8	TRUE	QAB_Tet13	12	QAB_Tet13_CO_12	8750707	8753838	4	10	4_12_10_10_10_10_10_10_14_10	8751412	8753693	705	145	2706	2282	3131	0	2	QAB
Chr5	1991099.25	1	2	3	1087.5	2	TRUE	QAB_Tet13	13	QAB_Tet13_CO_13	1989825	1991882	13	11	13_15_15_11	1991286	1991404	1461	478	1087.5	119	2057	0	2	QAB
Chr5	8124855.5	0	1	4	0	0	FALSE	QAB_Tet13	14	QAB_Tet13_CO_14	8123690	8126021	11	4	11_4	8123690	8126021	0	0	0	0	0	0	0	QAB
Chr1	25480907	0	1	3	0	0	FALSE	QFa_Tet16	1	QFa_Tet16_CO_1	25474460	25487354	13	10	13_10	25474460	25487354	0	0	0	0	0	0	0	QFa
Chr1	4289784.5	0	2	3	0	0	FALSE	QFa_Tet16	6	QFa_Tet16_CO_6	4289556	4290013	4	6	4_6	4289556	4290013	0	0	0	0	0	0	0	QFa
Chr1	8418113	0	2	3	0	0	FALSE	QFa_Tet16	7	QFa_Tet16_CO_7	8405137	8431089	6	4	6_4	8405137	8431089	0	0	0	0	0	0	0	QFa
Chr1	24447129.5	0	2	3	0	0	FALSE	QFa_Tet16	8	QFa_Tet16_CO_8	24446927	24447332	11	13	11_13	24446927	24447332	0	0	0	0	0	0	0	QFa
Chr1	9579340.5	0	1	4	0	0	FALSE	QFa_Tet16	9	QFa_Tet16_CO_9	9563954	9594727	4	11	4_11	9563954	9594727	0	0	0	0	0	0	0	QFa
Chr1	28292670.5	1	3	4	NA	11	TRUE	QFa_Tet16	10	QFa_Tet16_CO_10	28288492	28293205	10	6	10_12_10_10_10_10_10_10_10_10_10_10_6	28288886	28292136	394	1069	3981.5	3251	4713	0	1	QFa
Chr1	30372184	1	3	4	493	4	TRUE	QFa_Tet16	11	QFa_Tet16_CO_11	30371778	30372455	6	10	6_2_2_2_2_10	30372097	30372406	319	49	493	310	677	4	0	QFa
Chr1	238286.5	0	1	4	0	0	FALSE	QFa_Tet16	12	QFa_Tet16_CO_12	210319	266254	11	4	11_4	210319	266254	0	0	0	0	0	0	0	QFa
Chr2	7423704	0	3	4	0	0	FALSE	QFa_Tet16	13	QFa_Tet16_CO_13	7423396	7424012	6	10	6_10	7423396	7424012	0	0	0	0	0	0	0	QFa
Chr2	16778367.5	1	2	3	NA	4	TRUE	QFa_Tet16	14	QFa_Tet16_CO_14	16777709	16780243	13	11	13_11_11_11_3_11	16779026	16780007	1317	236	1757.5	982	2534	1	0	QFa
Chr2	18496745.5	0	1	3	0	0	FALSE	QFa_Tet16	15	QFa_Tet16_CO_15	18496600	18496891	7	4	7_4	18496600	18496891	0	0	0	0	0	0	0	QFa
Chr2	15875398.75	1	1	3	509.5	4	TRUE	QFa_Tet16	16	QFa_Tet16_CO_16	15874918	15875858	10	13	10_9_9_9_9_13	15875370	15875449	452	409	509.5	80	940	4	0	QFa
Chr2	17821963	0	3	4	0	0	FALSE	QFa_Tet16	17	QFa_Tet16_CO_17	17821308	17822618	11	7	11_7	17821308	17822618	0	0	0	0	0	0	0	QFa
Chr3	3123072.5	0	1	2	0	0	FALSE	QFa_Tet16	18	QFa_Tet16_CO_18	3115805	3130340	10	11	10_11	3115805	3130340	0	0	0	0	0	0	0	QFa
Chr3	16565264.5	0	3	4	0	0	FALSE	QFa_Tet16	19	QFa_Tet16_CO_19	16564965	16565564	6	10	6_10	16564965	16565564	0	0	0	0	0	0	0	QFa
Chr3	6978648	0	3	4	0	0	FALSE	QFa_Tet16	20	QFa_Tet16_CO_20	6970532	6986764	7	11	7_11	6970532	6986764	0	0	0	0	0	0	0	QFa
Chr3	11915636.5	0	2	3	0	0	FALSE	QFa_Tet16	21	QFa_Tet16_CO_21	11915332	11915941	4	6	4_6	11915332	11915941	0	0	0	0	0	0	0	QFa
Chr3	1216224.5	1	1	2	NA	3	FALSE	QFa_Tet16	22	QFa_Tet16_CO_22	1215878	1217877	11	10	11_10_10_12_10	1216571	1217839	693	38	0	0	0	0	1	QFa
Chr3	4172812.5	0	2	3	0	0	FALSE	QFa_Tet16	23	QFa_Tet16_CO_23	4166405	4179220	11	13	11_13	4166405	4179220	0	0	0	0	0	0	0	QFa
Chr3	23361794.25	1	2	3	NA	17	TRUE	QFa_Tet16	24	QFa_Tet16_CO_24	23361275	23365923	11	13	11_9_9_9_13_13_15_15_15_15_15_15_15_15_15_15_15_15_13	23361793	23365405	518	518	4130	3613	4648	3	12	QFa
Chr3	4437670.25	1	1	4	1514.5	1	TRUE	QFa_Tet16	25	QFa_Tet16_CO_25	4436691	4439720	13	6	13_5_6	4437135	4437135	444	2585	1514.5	1	3029	1	0	QFa
Chr3	8712849.75	1	1	4	NA	11	TRUE	QFa_Tet16	26	QFa_Tet16_CO_26	8712338	8716036	11	4	11_12_4_4_4_4_4_4_4_4_4_12_4	8712691	8715825	353	211	3416	3135	3698	0	2	QFa
Chr3	6525868.5	0	1	2	0	0	FALSE	QFa_Tet16	27	QFa_Tet16_CO_27	6521894	6529843	6	7	6_7	6521894	6529843	0	0	0	0	0	0	0	QFa
Chr3	948536	0	3	4	0	0	FALSE	QFa_Tet16	28	QFa_Tet16_CO_28	947345	949727	7	11	7_11	947345	949727	0	0	0	0	0	0	0	QFa
Chr3	22272543.25	1	2	3	1732.5	1	TRUE	QFa_Tet16	29	QFa_Tet16_CO_29	22271248	22274713	13	11	13_9_11	22272106	22272106	858	2607	1732.5	1	3465	1	0	QFa
Chr3	21634366	0	1	3	0	0	FALSE	QFa_Tet16	30	QFa_Tet16_CO_30	21629053	21639679	10	13	10_13	21629053	21639679	0	0	0	0	0	0	0	QFa
Chr4	12471932.25	8	1	4	NA	6	TRUE	QFa_Tet16	31	QFa_Tet16_CO_31	12467099	12478757	13	6	13_14_10_10_10_10_2_6	12469138	12477219	2039	1538	9869.5	8082	11658	1	1	QFa
Chr4	11568378.5	0	2	4	0	0	FALSE	QFa_Tet16	32	QFa_Tet16_CO_32	11567209	11569548	7	13	7_13	11567209	11569548	0	0	0	0	0	0	0	QFa
Chr4	187271.5	1	2	3	NA	7	FALSE	QFa_Tet16	33	QFa_Tet16_CO_33	186930	188068	11	13	11_13_13_13_14_14_14_14_13	187613	188022	683	46	0	0	0	0	4	QFa
Chr4	13025955.5	0	2	3	0	0	FALSE	QFa_Tet16	34	QFa_Tet16_CO_34	13024332	13027579	6	4	6_4	13024332	13027579	0	0	0	0	0	0	0	QFa
Chr4	13184411.5	0	1	4	0	0	FALSE	QFa_Tet16	35	QFa_Tet16_CO_35	13183803	13185020	4	11	4_11	13183803	13185020	0	0	0	0	0	0	0	QFa
Chr4	6433057.5	0	1	2	0	0	FALSE	QFa_Tet16	36	QFa_Tet16_CO_36	6432688	6433427	6	7	6_7	6432688	6433427	0	0	0	0	0	0	0	QFa
Chr4	10448850.5	0	3	4	0	0	FALSE	QFa_Tet16	37	QFa_Tet16_CO_37	10447857	10449844	11	7	11_7	10447857	10449844	0	0	0	0	0	0	0	QFa
Chr4	764940	1	1	4	1206	1	TRUE	QFa_Tet16	38	QFa_Tet16_CO_38	764193	766605	13	6	13_5_6	764481	764481	288	2124	1206	1	2412	1	0	QFa
Chr4	9298601.5	0	3	4	0	0	FALSE	QFa_Tet16	39	QFa_Tet16_CO_39	9298310	9298893	7	11	7_11	9298310	9298893	0	0	0	0	0	0	0	QFa
Chr5	16294374.5	1	2	3	NA	24	TRUE	QFa_Tet16	40	QFa_Tet16_CO_40	16291895	16298177	6	4	6_8_8_8_8_8_8_8_8_8_8_8_8_8_8_8_8_8_8_8_8_4_4_12_12_4	16292707	16297517	812	660	5546	4811	6282	0	22	QFa
Chr5	6614077	0	1	4	0	0	FALSE	QFa_Tet16	41	QFa_Tet16_CO_41	6613468	6614686	13	6	13_6	6613468	6614686	0	0	0	0	0	0	0	QFa
Chr5	21792359	0	2	4	0	0	FALSE	QFa_Tet16	42	QFa_Tet16_CO_42	21788524	21796194	4	10	4_10	21788524	21796194	0	0	0	0	0	0	0	QFa
Chr5	4542718.25	1	1	3	895.5	1	TRUE	QFa_Tet16	43	QFa_Tet16_CO_43	4541777	4543568	10	13	10_14_13	4542764	4542764	987	804	895.5	1	1791	0	1	QFa
Chr5	339717.25	1	1	3	646.5	1	TRUE	QFa_Tet16	44	QFa_Tet16_CO_44	339067	340360	7	4	7_8_4	339721	339721	654	639	646.5	1	1293	0	1	QFa
Chr5	25553847.5	0	3	4	0	0	FALSE	QFa_Tet16	45	QFa_Tet16_CO_45	25551476	25556219	10	6	10_6	25551476	25556219	0	0	0	0	0	0	0	QFa
Chr5	1901968	0	2	4	0	0	FALSE	QFa_Tet16	46	QFa_Tet16_CO_46	1901626	1902310	4	10	4_10	1901626	1902310	0	0	0	0	0	0	0	QFa
Chr1	27090321	1	1	4	899	2	TRUE	QFi_Tet17	1	QFi_Tet17_CO_1	27089661	27091359	13	6	13_5_5_6	27090082	27090182	421	1177	899	101	1698	2	0	QFi
Chr1	20940163.25	1	2	4	4293.5	1	TRUE	QFi_Tet17	2	QFi_Tet17_CO_2	20937758	20946345	10	4	10_12_4	20938275	20938275	517	8070	4293.5	1	8587	0	1	QFi
Chr1	25476796.5	1	2	4	8221	1	TRUE	QFi_Tet17	3	QFi_Tet17_CO_3	25470912	25487354	4	10	4_12_10	25474460	25474460	3548	12894	8221	1	16442	0	1	QFi
Chr1	29639117.5	1	3	4	824	1	TRUE	QFi_Tet17	4	QFi_Tet17_CO_4	29638218	29639866	6	10	6_14_10	29639193	29639193	975	673	824	1	1648	0	1	QFi
Chr1	954696	0	1	4	0	0	FALSE	QFi_Tet17	5	QFi_Tet17_CO_5	922673	971198	4	11	4_11	922673	971198	0	0	0	0	0	0	0	QFi
Chr1	30139741	0	1	2	0	0	FALSE	QFi_Tet17	6	QFi_Tet17_CO_6	30139434	30140048	10	11	10_11	30139434	30140048	0	0	0	0	0	0	0	QFi
Chr1	8810470.5	0	1	3	0	0	FALSE	QFi_Tet17	7	QFi_Tet17_CO_7	8757917	8863024	10	13	10_13	8757917	8863024	0	0	0	0	0	0	0	QFi
Chr1	26941511.5	0	1	3	0	0	FALSE	QFi_Tet17	8	QFi_Tet17_CO_8	26940011	26943012	10	13	10_13	26940011	26943012	0	0	0	0	0	0	0	QFi
Chr1	8110369	0	3	4	0	0	FALSE	QFi_Tet17	9	QFi_Tet17_CO_9	8109663	8111075	6	10	6_10	8109663	8111075	0	0	0	0	0	0	0	QFi
Chr1	18670097.5	0	1	3	0	0	FALSE	QFi_Tet17	10	QFi_Tet17_CO_10	18669165	18671030	13	10	13_10	18669165	18671030	0	0	0	0	0	0	0	QFi
Chr1	6179471	0	1	2	0	0	FALSE	QFi_Tet17	11	QFi_Tet17_CO_11	6179475	6179563	7	6	7_6	6179475	6179563	0	0	0	0	0	0	0	QFi
Chr1	2630580	0	3	4	0	0	FALSE	QFi_Tet17	12	QFi_Tet17_CO_12	2630806	2631084	11	7	11_7	2630806	2631084	0	0	0	0	0	0	0	QFi
Chr1	5831833	1	1	4	NA	2	TRUE	QFi_Tet17	13	QFi_Tet17_CO_13	5830946	5834047	13	6	13_6_5_6	5832720	5833087	1774	960	1734	368	3101	1	0	QFi
Chr1	3726129.75	1	2	4	3647.5	2	TRUE	QFi_Tet17	14	QFi_Tet17_CO_14	3721989	3728128	7	13	7_15_15_13	3726623	3727779	4634	349	3647.5	1157	6139	0	2	QFi
Chr1	5939149	0	1	2	0	0	FALSE	QFi_Tet17	15	QFi_Tet17_CO_15	5938876	5939422	6	7	6_7	5938876	5939422	0	0	0	0	0	0	0	QFi
Chr2	18308700	1	1	3	918	2	TRUE	QFi_Tet17	16	QFi_Tet17_CO_16	18307726	18309470	7	4	7_8_8_4	18308756	18308848	1030	622	918	93	1744	0	2	QFi
Chr2	17161606	0	2	3	0	0	FALSE	QFi_Tet17	17	QFi_Tet17_CO_17	17159783	17163429	13	11	13_11	17159783	17163429	0	0	0	0	0	0	0	QFi
Chr2	15150620.25	1	2	4	1043.5	1	TRUE	QFi_Tet17	18	QFi_Tet17_CO_18	15150062	15152149	7	13	7_15_13	15150135	15150135	73	2014	1043.5	1	2087	0	1	QFi
Chr2	17331714	0	3	4	0	0	FALSE	QFi_Tet17	19	QFi_Tet17_CO_19	17320860	17342568	11	7	11_7	17320860	17342568	0	0	0	0	0	0	0	QFi
Chr2	13062499.5	1	1	3	NA	5	TRUE	QFi_Tet17	20	QFi_Tet17_CO_20	13059271	13062996	4	7	4_8_4_4_4_4_7	13060048	13062003	777	993	2840	1956	3725	0	1	QFi
Chr2	170238	1	2	3	NA	4	TRUE	QFi_Tet17	21	QFi_Tet17_CO_21	170124	171208	6	4	6_4_4_4_8_4	170352	170848	228	360	790	497	1084	0	1	QFi
Chr3	22933085.5	1	1	4	NA	4	TRUE	QFi_Tet17	22	QFi_Tet17_CO_22	22932537	22934942	13	6	13_6_6_6_5_6	22933634	22934634	1097	308	1702.5	1001	2405	1	0	QFi
Chr3	20587363	1	2	3	1289	2	TRUE	QFi_Tet17	23	QFi_Tet17_CO_23	20586297	20588302	4	6	4_2_2_6	20587140	20587713	843	589	1289	574	2005	2	0	QFi
Chr3	23350881.5	0	3	4	0	0	FALSE	QFi_Tet17	24	QFi_Tet17_CO_24	23350233	23351530	6	10	6_10	23350233	23351530	0	0	0	0	0	0	0	QFi
Chr3	22131414.5	1	1	3	1242	2	TRUE	QFi_Tet17	25	QFi_Tet17_CO_25	22130509	22132902	10	13	10_9_9_13	22131078	22131169	569	1733	1242	92	2393	2	0	QFi
Chr3	3945945.5	0	1	4	0	0	FALSE	QFi_Tet17	26	QFi_Tet17_CO_26	3944442	3947449	13	6	13_6	3944442	3947449	0	0	0	0	0	0	0	QFi
Chr3	20840425	1	3	4	1846	1	TRUE	QFi_Tet17	27	QFi_Tet17_CO_27	20838078	20841770	6	10	6_14_10	20840926	20840926	2848	844	1846	1	3692	0	1	QFi
Chr3	10179998.5	1	2	3	125	4	TRUE	QFi_Tet17	28	QFi_Tet17_CO_28	10179852	10180072	6	4	6_8_8_8_8_4	10180020	10180050	168	22	125	31	220	0	4	QFi
Chr3	373539.25	1	2	3	3322.5	5	TRUE	QFi_Tet17	29	QFi_Tet17_CO_29	371623	376020	4	6	4_8_8_8_8_8_6	372133	374381	510	1639	3322.5	2249	4397	0	5	QFi
Chr3	3455649	0	1	4	0	0	FALSE	QFi_Tet17	30	QFi_Tet17_CO_30	3454911	3456387	6	13	6_13	3454911	3456387	0	0	0	0	0	0	0	QFi
Chr4	7321632.5	3	2	3	332	1	TRUE	QFi_Tet17	31	QFi_Tet17_CO_31	7321356	7322020	13	11	13_15_11	7321577	7321577	221	443	332	1	664	0	1	QFi
Chr4	13911837.5	0	3	4	0	0	FALSE	QFi_Tet17	32	QFi_Tet17_CO_32	13910871	13912804	6	10	6_10	13910871	13912804	0	0	0	0	0	0	0	QFi
Chr4	14199734	1	1	3	1473	1	TRUE	QFi_Tet17	33	QFi_Tet17_CO_33	14198175	14201121	10	13	10_14_13	14199820	14199820	1645	1301	1473	1	2946	0	1	QFi
Chr4	13241170.75	1	2	3	1336.5	3	TRUE	QFi_Tet17	36	QFi_Tet17_CO_36	13240343	13242323	4	6	4_2_2_2_6	13240662	13241355	319	968	1336.5	694	1980	3	0	QFi
Chr4	8469580	1	1	4	NA	9	TRUE	QFi_Tet17	37	QFi_Tet17_CO_37	8466225	8469784	11	4	11_15_11_11_11_11_11_11_11_11_4	8466408	8469376	183	408	3263.5	2969	3559	0	1	QFi
Chr5	20535513	0	1	4	0	0	FALSE	QFi_Tet17	40	QFi_Tet17_CO_40	20534566	20536191	4	11	4_11	20534566	20536191	0	0	0	0	0	0	0	QFi
Chr5	5180760	0	2	3	0	0	FALSE	QFi_Tet17	41	QFi_Tet17_CO_41	5180319	5181201	13	11	13_11	5180319	5181201	0	0	0	0	0	0	0	QFi
Chr5	21527775	1	1	2	NA	27	TRUE	QFi_Tet17	42	QFi_Tet17_CO_42	21522840	21528319	11	10	11_12_12_15_15_15_11_11_11_11_11_11_11_11_11_11_11_11_11_11_11_11_11_11_11_11_11_11_10	21523498	21527231	658	1088	4606	3734	5479	0	5	QFi
Chr5	22389797.5	0	3	4	0	0	FALSE	QFi_Tet17	43	QFi_Tet17_CO_43	22389583	22390012	10	6	10_6	22389583	22390012	0	0	0	0	0	0	0	QFi
Chr5	2838620	0	2	3	0	0	FALSE	QFi_Tet17	44	QFi_Tet17_CO_44	2838442	2838798	11	13	11_13	2838442	2838798	0	0	0	0	0	0	0	QFi
Chr5	22728073	1	2	3	3872	1	TRUE	QFi_Tet17	45	QFi_Tet17_CO_45	22724170	22731914	6	4	6_8_4	22728104	22728104	3934	3810	3872	1	7744	0	1	QFi
Chr5	23189852.5	0	1	4	0	0	FALSE	QFi_Tet17	46	QFi_Tet17_CO_46	23165567	23214138	4	11	4_11	23165567	23214138	0	0	0	0	0	0	0	QFi
Chr5	25806160	0	3	4	0	0	FALSE	QFi_Tet17	47	QFi_Tet17_CO_47	25805846	25806474	11	7	11_7	25805846	25806474	0	0	0	0	0	0	0	QFi
Chr5	9552941.5	3	1	4	NA	17	TRUE	QFi_Tet17	48	QFi_Tet17_CO_48	9552407	9553586	11	4	11_12_12_12_12_12_12_12_12_12_12_12_12_12_12_12_12_12_4	9552638	9553127	231	459	834	490	1179	0	17	QFi
Chr5	24330034.25	1	1	4	1817.5	1	TRUE	QFi_Tet17	49	QFi_Tet17_CO_49	24327971	24331606	11	4	11_12_4	24330280	24330280	2309	1326	1817.5	1	3635	0	1	QFi
Chr5	24440086.25	1	1	4	252.5	1	TRUE	QFi_Tet17	50	QFi_Tet17_CO_50	24439883	24440388	4	11	4_3_11	24440037	24440037	154	351	252.5	1	505	1	0	QFi
Chr1	8981127.5	0	1	4	0	0	FALSE	QFiFa_Tet19	1	QFiFa_Tet19_CO_1	8977128	8985127	4	11	4_11	8977128	8985127	0	0	0	0	0	0	0	QFiFa
Chr1	8006133.25	1	1	4	NA	6	TRUE	QFiFa_Tet19	2	QFiFa_Tet19_CO_2	8004992	8008512	11	4	11_12_12_12_12_4_12_4	8005824	8008269	832	243	2982.5	2446	3520	0	5	QFiFa
Chr1	2236169.5	0	3	4	0	0	FALSE	QFiFa_Tet19	3	QFiFa_Tet19_CO_3	2235546	2236793	6	10	6_10	2235546	2236793	0	0	0	0	0	0	0	QFiFa
Chr1	3911684.25	1	1	4	3624.5	5	TRUE	QFiFa_Tet19	4	QFiFa_Tet19_CO_4	3909328	3914705	11	4	11_3_3_3_3_3_4	3910416	3912288	1088	2417	3624.5	1873	5377	5	0	QFiFa
Chr1	5325000	0	1	4	0	0	FALSE	QFiFa_Tet19	5	QFiFa_Tet19_CO_5	5324844	5325156	4	11	4_11	5324844	5325156	0	0	0	0	0	0	0	QFiFa
Chr1	20605335.5	1	1	4	1833	1	TRUE	QFiFa_Tet19	6	QFiFa_Tet19_CO_6	20602978	20606644	11	4	11_3_4	20605860	20605860	2882	784	1833	1	3666	1	0	QFiFa
Chr1	1479322.5	0	1	2	0	0	FALSE	QFiFa_Tet19	7	QFiFa_Tet19_CO_7	1479099	1479546	7	6	7_6	1479099	1479546	0	0	0	0	0	0	0	QFiFa
Chr1	2854624.5	0	1	2	0	0	FALSE	QFiFa_Tet19	8	QFiFa_Tet19_CO_8	2852039	2857210	10	11	10_11	2852039	2857210	0	0	0	0	0	0	0	QFiFa
Chr1	238286.5	0	3	4	0	0	FALSE	QFiFa_Tet19	9	QFiFa_Tet19_CO_9	210319	266254	11	7	11_7	210319	266254	0	0	0	0	0	0	0	QFiFa
Chr2	15735368	0	2	3	0	0	FALSE	QFiFa_Tet19	10	QFiFa_Tet19_CO_10	15732038	15738698	11	13	11_13	15732038	15738698	0	0	0	0	0	0	0	QFiFa
Chr2	19011570	0	1	3	0	0	FALSE	QFiFa_Tet19	11	QFiFa_Tet19_CO_11	19010975	19012165	10	13	10_13	19010975	19012165	0	0	0	0	0	0	0	QFiFa
Chr2	17494447.75	1	2	3	3725.5	6	TRUE	QFiFa_Tet19	12	QFiFa_Tet19_CO_12	17490902	17497065	6	4	6_2_2_2_2_2_2_4	17494268	17495556	3366	1509	3725.5	1289	6163	6	0	QFiFa
Chr2	17666172.5	0	2	4	0	0	FALSE	QFiFa_Tet19	13	QFiFa_Tet19_CO_13	17665296	17667049	4	10	4_10	17665296	17667049	0	0	0	0	0	0	0	QFiFa
Chr2	16564066	0	1	4	0	0	FALSE	QFiFa_Tet19	14	QFiFa_Tet19_CO_14	16563336	16564796	13	6	13_6	16563336	16564796	0	0	0	0	0	0	0	QFiFa
Chr2	17877215.5	0	3	4	0	0	FALSE	QFiFa_Tet19	15	QFiFa_Tet19_CO_15	17876819	17877612	10	6	10_6	17876819	17877612	0	0	0	0	0	0	0	QFiFa
Chr2	223576.5	8	2	3	NA	4	TRUE	QFiFa_Tet19	16	QFiFa_Tet19_CO_16	221764	224871	13	11	13_14_10_10_10_11	222306	224080	542	791	2440.5	1775	3107	0	1	QFiFa
Chr2	18243742.5	0	3	4	0	0	FALSE	QFiFa_Tet19	17	QFiFa_Tet19_CO_17	18228405	18259080	6	10	6_10	18228405	18259080	0	0	0	0	0	0	0	QFiFa
Chr3	1033430.5	1	2	4	2145	4	TRUE	QFiFa_Tet19	18	QFiFa_Tet19_CO_18	1032180	1036006	4	10	4_12_12_12_12_10	1032536	1033000	356	3006	2145	465	3826	0	4	QFiFa
Chr3	40729	0	2	4	0	0	FALSE	QFiFa_Tet19	19	QFiFa_Tet19_CO_19	40165	41293	10	4	10_4	40165	41293	0	0	0	0	0	0	0	QFiFa
Chr3	18822131.5	0	2	4	0	0	FALSE	QFiFa_Tet19	20	QFiFa_Tet19_CO_20	18821782	18822481	13	7	13_7	18821782	18822481	0	0	0	0	0	0	0	QFiFa
Chr3	17975253.5	0	3	4	0	0	FALSE	QFiFa_Tet19	21	QFiFa_Tet19_CO_21	17974116	17976391	11	7	11_7	17974116	17976391	0	0	0	0	0	0	0	QFiFa
Chr3	18615075.5	0	2	4	0	0	FALSE	QFiFa_Tet19	22	QFiFa_Tet19_CO_22	18611787	18618364	7	13	7_13	18611787	18618364	0	0	0	0	0	0	0	QFiFa
Chr3	1521778.5	1	3	4	4533	5	TRUE	QFiFa_Tet19	23	QFiFa_Tet19_CO_23	1517229	1525377	10	6	10_14_14_14_14_14_6	1521795	1522713	4566	2664	4533	919	8148	0	5	QFiFa
Chr3	19282343	0	1	3	0	0	FALSE	QFiFa_Tet19	24	QFiFa_Tet19_CO_24	19280300	19284386	7	4	7_4	19280300	19284386	0	0	0	0	0	0	0	QFiFa
Chr3	2363279.5	1	2	3	NA	3	TRUE	QFiFa_Tet19	25	QFiFa_Tet19_CO_25	2362654	2364601	6	4	6_4_8_9_4	2363905	2364347	1251	254	1194.5	443	1947	1	1	QFiFa
Chr3	2828991.5	0	1	3	0	0	FALSE	QFiFa_Tet19	26	QFiFa_Tet19_CO_26	2827714	2830269	4	7	4_7	2827714	2830269	0	0	0	0	0	0	0	QFiFa
Chr3	7863595.75	1	3	4	3318.5	4	TRUE	QFiFa_Tet19	27	QFiFa_Tet19_CO_27	7859674	7866053	7	11	7_3_3_3_3_11	7864199	7864457	4525	1596	3318.5	259	6379	4	0	QFiFa
Chr3	7191163.25	1	3	4	1751.5	4	TRUE	QFiFa_Tet19	28	QFiFa_Tet19_CO_28	7190246	7192317	11	7	11_3_3_3_3_7	7190329	7191761	83	556	1751.5	1433	2071	4	0	QFiFa
Chr3	4343169	2	3	4	3629	13	TRUE	QFiFa_Tet19	29	QFiFa_Tet19_CO_29	4341793	4346182	7	11	7_8_8_8_12_12_12_12_12_12_12_12_12_12_11	4341793	4346182	0	0	4389	4390	4389	0	13	QFiFa
Chr4	14762553	0	1	3	0	0	FALSE	QFiFa_Tet19	30	QFiFa_Tet19_CO_30	14761557	14763549	13	10	13_10	14761557	14763549	0	0	0	0	0	0	0	QFiFa
Chr4	13997524	0	1	3	0	0	FALSE	QFiFa_Tet19	31	QFiFa_Tet19_CO_31	13996577	13998471	10	13	10_13	13996577	13998471	0	0	0	0	0	0	0	QFiFa
Chr4	8194831	1	3	4	NA	9	TRUE	QFiFa_Tet19	32	QFiFa_Tet19_CO_32	8194311	8198418	11	7	11_7_7_7_7_7_7_7_7_8_7	8195351	8197686	1040	732	3221	2336	4107	0	1	QFiFa
Chr4	17548762.5	1	1	3	1015	4	TRUE	QFiFa_Tet19	33	QFiFa_Tet19_CO_33	17547652	17549618	10	13	10_14_14_14_14_13	17548858	17548922	1206	696	1015	65	1966	0	4	QFiFa
Chr4	14890916.5	1	2	4	1652	3	TRUE	QFiFa_Tet19	34	QFiFa_Tet19_CO_34	14889955	14892363	10	4	10_12_12_12_4	14890226	14891122	271	1241	1652	897	2408	0	3	QFiFa
Chr4	15414409	2	2	4	2311	6	TRUE	QFiFa_Tet19	35	QFiFa_Tet19_CO_35	15411488	15415403	4	10	4_3_3_3_3_3_3_10	15411488	15415403	0	0	3915	3916	3915	6	0	QFiFa
Chr4	8479615	1	2	4	NA	7	TRUE	QFiFa_Tet19	36	QFiFa_Tet19_CO_36	8475278	8480517	7	13	7_5_7_7_7_7_5_5_13	8476300	8479673	1022	844	4306	3374	5239	3	0	QFiFa
Chr4	12724980.5	0	1	3	0	0	FALSE	QFiFa_Tet19	37	QFiFa_Tet19_CO_37	12723958	12726003	13	10	13_10	12723958	12726003	0	0	0	0	0	0	0	QFiFa
Chr5	8734736.5	0	2	3	0	0	FALSE	QFiFa_Tet19	38	QFiFa_Tet19_CO_38	8733909	8735564	13	11	13_11	8733909	8735564	0	0	0	0	0	0	0	QFiFa
Chr5	26497578.5	1	1	2	NA	3	TRUE	QFiFa_Tet19	39	QFiFa_Tet19_CO_39	26496382	26498160	14	11	14_10_10_12_11	26497102	26497488	720	672	1082	387	1778	0	2	QFiFa
Chr5	23406084.5	0	2	3	0	0	FALSE	QFiFa_Tet19	40	QFiFa_Tet19_CO_40	23405781	23406388	13	11	13_11	23405781	23406388	0	0	0	0	0	0	0	QFiFa
Chr5	4932591.5	0	2	3	0	0	FALSE	QFiFa_Tet19	41	QFiFa_Tet19_CO_41	4929002	4936181	13	11	13_11	4929002	4936181	0	0	0	0	0	0	0	QFiFa
Chr5	25972770	1	1	2	NA	17	TRUE	QFiFa_Tet19	42	QFiFa_Tet19_CO_42	25970333	25977890	11	10	11_9_9_9_9_9_9_9_9_9_10_10_10_10_10_10_10_14_10	25973209	25977770	2876	120	6059	4562	7557	9	1	QFiFa
Chr5	23576895	1	1	2	1778	1	TRUE	QFiFa_Tet19	43	QFiFa_Tet19_CO_43	23575356	23578912	11	10	11_12_10	23576656	23576656	1300	2256	1778	1	3556	0	1	QFiFa
Chr5	20146845.5	0	2	3	0	0	FALSE	QFiFa_Tet19	44	QFiFa_Tet19_CO_44	20107260	20186431	11	13	11_13	20107260	20186431	0	0	0	0	0	0	0	QFiFa
Chr5	17177078.5	0	1	4	0	0	FALSE	QFiFa_Tet19	45	QFiFa_Tet19_CO_45	17171968	17182189	11	4	11_4	17171968	17182189	0	0	0	0	0	0	0	QFiFa
Chr5	19022365	0	1	4	0	0	FALSE	QFiFa_Tet19	46	QFiFa_Tet19_CO_46	19022308	19022422	4	11	4_11	19022308	19022422	0	0	0	0	0	0	0	QFiFa
Chr5	8333428.75	1	2	4	NA	5	TRUE	QFiFa_Tet19	47	QFiFa_Tet19_CO_47	8332626	8335443	7	13	7_15_13_13_13_15_13	8333495	8334949	869	494	2135.5	1455	2817	0	2	QFiFa
Chr5	25803206	1	2	3	1167	1	TRUE	QFiFa_Tet19	48	QFiFa_Tet19_CO_48	25802059	25804393	13	11	13_9_11	25803186	25803186	1127	1207	1167	1	2334	1	0	QFiFa
Chr5	25586227	0	1	3	0	0	FALSE	QFiFa_Tet19	49	QFiFa_Tet19_CO_49	25585132	25587322	10	13	10_13	25585132	25587322	0	0	0	0	0	0	0	QFiFa
Chr5	21589060	0	1	4	0	0	FALSE	QFiFa_Tet19	50	QFiFa_Tet19_CO_50	21587292	21590828	6	13	6_13	21587292	21590828	0	0	0	0	0	0	0	QFiFa
Chr5	20597344.5	0	1	4	0	0	FALSE	QFiFa_Tet19	51	QFiFa_Tet19_CO_51	20563883	20630806	13	6	13_6	20563883	20630806	0	0	0	0	0	0	0	QFiFa
Chr5	5236934.5	1	3	4	NA	7	TRUE	QFiFa_Tet19	52	QFiFa_Tet19_CO_52	5233452	5237963	11	7	11_12_11_11_11_11_11_11_7	5233530	5235906	78	2057	3443.5	2377	4511	0	1	QFiFa
Chr1	409958	0	1	4	0	0	FALSE	QFiFa_Tet20	1	QFiFa_Tet20_CO_1	387895	432021	11	4	11_4	387895	432021	0	0	0	0	0	0	0	QFiFa
Chr1	27263072	0	1	2	0	0	FALSE	QFiFa_Tet20	2	QFiFa_Tet20_CO_2	27261944	27264200	6	7	6_7	27261944	27264200	0	0	0	0	0	0	0	QFiFa
Chr1	18906298.25	1	1	2	479.5	3	TRUE	QFiFa_Tet20	3	QFiFa_Tet20_CO_3	18905931	18906584	7	6	7_5_5_5_6	18906186	18906492	255	92	479.5	307	653	3	0	QFiFa
Chr1	12497738	0	1	4	0	0	FALSE	QFiFa_Tet20	4	QFiFa_Tet20_CO_4	12497519	12497957	6	13	6_13	12497519	12497957	0	0	0	0	0	0	0	QFiFa
Chr1	7548031	0	1	3	0	0	FALSE	QFiFa_Tet20	5	QFiFa_Tet20_CO_5	7545952	7550110	7	4	7_4	7545952	7550110	0	0	0	0	0	0	0	QFiFa
Chr1	1817993.75	1	2	3	1022.5	5	TRUE	QFiFa_Tet20	6	QFiFa_Tet20_CO_6	1817391	1819235	4	6	4_2_2_2_2_2_6	1817574	1817775	183	1460	1022.5	202	1844	5	0	QFiFa
Chr1	7841040	0	2	3	0	0	FALSE	QFiFa_Tet20	7	QFiFa_Tet20_CO_7	7840312	7841768	4	6	4_6	7840312	7841768	0	0	0	0	0	0	0	QFiFa
Chr1	2147841.5	1	1	4	878	1	TRUE	QFiFa_Tet20	8	QFiFa_Tet20_CO_8	2146945	2148701	6	13	6_14_13	2147860	2147860	915	841	878	1	1756	0	1	QFiFa
Chr1	23511293	1	2	4	1880	6	TRUE	QFiFa_Tet20	9	QFiFa_Tet20_CO_9	23510150	23512939	10	4	10_12_12_12_12_12_12_4	23510556	23511527	406	1412	1880	972	2789	0	6	QFiFa
Chr1	18469198.25	1	2	4	3396.5	3	TRUE	QFiFa_Tet20	10	QFiFa_Tet20_CO_10	18466799	18472617	13	7	13_15_15_15_7	18468201	18469176	1402	3441	3396.5	976	5818	0	3	QFiFa
Chr1	23770599.5	0	2	3	0	0	FALSE	QFiFa_Tet20	11	QFiFa_Tet20_CO_11	23770442	23770757	4	6	4_6	23770442	23770757	0	0	0	0	0	0	0	QFiFa
Chr1	19422305.5	0	3	4	0	0	FALSE	QFiFa_Tet20	12	QFiFa_Tet20_CO_12	19421396	19423215	6	10	6_10	19421396	19423215	0	0	0	0	0	0	0	QFiFa
Chr1	6730183	0	2	4	0	0	FALSE	QFiFa_Tet20	13	QFiFa_Tet20_CO_13	6729435	6730931	13	7	13_7	6729435	6730931	0	0	0	0	0	0	0	QFiFa
Chr1	238286.5	0	1	2	0	0	FALSE	QFiFa_Tet20	14	QFiFa_Tet20_CO_14	210319	266254	10	11	10_11	210319	266254	0	0	0	0	0	0	0	QFiFa
Chr2	17662345.5	0	1	4	0	0	FALSE	QFiFa_Tet20	15	QFiFa_Tet20_CO_15	17661450	17663241	4	11	4_11	17661450	17663241	0	0	0	0	0	0	0	QFiFa
Chr2	1094644.5	0	1	4	0	0	FALSE	QFiFa_Tet20	16	QFiFa_Tet20_CO_16	1093921	1095368	11	4	11_4	1093921	1095368	0	0	0	0	0	0	0	QFiFa
Chr2	279733.25	1	1	4	1280.5	1	TRUE	QFiFa_Tet20	17	QFiFa_Tet20_CO_17	278543	281104	4	11	4_3_11	279643	279643	1100	1461	1280.5	1	2561	1	0	QFiFa
Chr2	19504700	1	1	4	NA	7	TRUE	QFiFa_Tet20	18	QFiFa_Tet20_CO_18	19504384	19506297	11	8	11_8_4_4_4_8_8_8_4	19505016	19505760	632	537	1328.5	745	1913	0	4	QFiFa
Chr3	22604653.5	1	1	4	1654	2	TRUE	QFiFa_Tet20	19	QFiFa_Tet20_CO_19	22602819	22606049	13	6	13_14_14_6	22604834	22604912	2015	1137	1654	79	3230	0	2	QFiFa
Chr3	22602217.5	0	1	4	0	0	FALSE	QFiFa_Tet20	20	QFiFa_Tet20_CO_20	22601616	22602819	6	13	6_13	22601616	22602819	0	0	0	0	0	0	0	QFiFa
Chr3	22597966.75	1	1	4	2978.5	6	TRUE	QFiFa_Tet20	21	QFiFa_Tet20_CO_21	22595914	22600293	13	6	13_5_5_5_5_5_5_6	22597041	22598619	1127	1674	2978.5	1579	4379	6	0	QFiFa
Chr3	22977577.5	0	1	2	0	0	FALSE	QFiFa_Tet20	22	QFiFa_Tet20_CO_22	22977282	22977873	6	7	6_7	22977282	22977873	0	0	0	0	0	0	0	QFiFa
Chr4	10274913	1	2	3	466	2	TRUE	QFiFa_Tet20	25	QFiFa_Tet20_CO_25	10274383	10275283	13	11	13_9_9_11	10274977	10275009	594	274	466	33	900	2	0	QFiFa
Chr4	811613	1	2	4	NA	2	TRUE	QFiFa_Tet20	26	QFiFa_Tet20_CO_26	810780	812774	7	13	7_13_14_13	812446	812636	1666	138	1092	191	1994	0	1	QFiFa
Chr4	15989685.5	2	1	2	3096.5	7	TRUE	QFiFa_Tet20	27	QFiFa_Tet20_CO_27	15988038	15993205	11	10	11_14_14_14_14_14_14_14_10	15988038	15993205	0	0	5167	5168	5167	0	7	QFiFa
Chr5	24284090	0	1	3	0	0	FALSE	QFiFa_Tet20	30	QFiFa_Tet20_CO_30	24283082	24285098	4	7	4_7	24283082	24285098	0	0	0	0	0	0	0	QFiFa
Chr5	6747650.75	1	3	4	3323.5	2	TRUE	QFiFa_Tet20	31	QFiFa_Tet20_CO_31	6744948	6751553	10	6	10_14_14_6	6747030	6747072	2082	4481	3323.5	43	6605	0	2	QFiFa
Chr5	26901816	0	3	4	0	0	FALSE	QFiFa_Tet20	32	QFiFa_Tet20_CO_32	26901526	26902106	11	7	11_7	26901526	26902106	0	0	0	0	0	0	0	QFiFa
Chr5	22663217	8	1	4	NA	3	TRUE	QFiFa_Tet20	33	QFiFa_Tet20_CO_33	22661746	22665793	11	4	11_15_7_7_4	22661937	22662662	191	3131	2386	726	4047	0	1	QFiFa
Chr5	7678424.25	1	1	4	865.5	3	TRUE	QFiFa_Tet20	34	QFiFa_Tet20_CO_34	7677838	7679110	6	13	6_5_5_5_13	7678145	7678604	307	506	865.5	460	1272	3	0	QFiFa
Chr5	25755654.5	1	3	4	356	2	TRUE	QFiFa_Tet20	35	QFiFa_Tet20_CO_35	25755295	25755984	7	11	7_3_3_11	25755658	25755681	363	303	356	24	689	2	0	QFiFa
Chr5	2958673	3	3	4	NA	2	TRUE	QFiFa_Tet20	36	QFiFa_Tet20_CO_36	2958134	2959137	6	10	6_2_9_10	2958771	2959016	637	121	624	246	1003	2	0	QFiFa
Chr5	22324602.75	1	2	3	1148.5	1	TRUE	QFiFa_Tet20	37	QFiFa_Tet20_CO_37	22323271	22325568	13	11	13_15_11	22324786	22324786	1515	782	1148.5	1	2297	0	1	QFiFa
Chr1	17815281	0	2	3	0	0	FALSE	QFi_Tet18	1	QFi_Tet18_CO_1	17812166	17818396	6	4	6_4	17812166	17818396	0	0	0	0	0	0	0	QFi
Chr1	3595750	1	2	3	5248	7	TRUE	QFi_Tet18	2	QFi_Tet18_CO_2	3592074	3600937	11	13	11_9_9_9_9_9_9_9_13	3594178	3595811	2104	5126	5248	1634	8863	7	0	QFi
Chr1	20394017.5	0	3	4	0	0	FALSE	QFi_Tet18	3	QFi_Tet18_CO_3	20393054	20394981	11	7	11_7	20393054	20394981	0	0	0	0	0	0	0	QFi
Chr1	20023386.25	1	1	4	866.5	9	TRUE	QFi_Tet18	4	QFi_Tet18_CO_4	20022897	20024197	4	11	4_12_12_12_12_12_12_12_12_12_11	20023009	20023442	112	755	866.5	434	1300	0	9	QFi
Chr1	11182344.5	0	3	4	0	0	FALSE	QFi_Tet18	5	QFi_Tet18_CO_5	11181306	11183383	6	10	6_10	11181306	11183383	0	0	0	0	0	0	0	QFi
Chr1	298217	0	3	4	0	0	FALSE	QFi_Tet18	8	QFi_Tet18_CO_8	294969	301465	11	7	11_7	294969	301465	0	0	0	0	0	0	0	QFi
Chr1	4916205.5	0	1	2	0	0	FALSE	QFi_Tet18	9	QFi_Tet18_CO_9	4915063	4917348	10	11	10_11	4915063	4917348	0	0	0	0	0	0	0	QFi
Chr1	13141724.25	4	3	4	1935.5	9	TRUE	QFi_Tet18	10	QFi_Tet18_CO_10	13140606	13142745	10	6	10_9_2_2_2_2_2_5_5_5_6	13140606	13142745	0	0	2139	2140	2139	9	0	QFi
Chr1	1546780.5	1	2	4	822	1	TRUE	QFi_Tet18	13	QFi_Tet18_CO_13	1545929	1547573	13	7	13_15_7	1546810	1546810	881	763	822	1	1644	0	1	QFi
Chr1	9255731.5	0	1	3	0	0	FALSE	QFi_Tet18	14	QFi_Tet18_CO_14	9254129	9257334	10	13	10_13	9254129	9257334	0	0	0	0	0	0	0	QFi
Chr1	9198725.5	0	2	4	0	0	FALSE	QFi_Tet18	15	QFi_Tet18_CO_15	9198319	9199132	4	10	4_10	9198319	9199132	0	0	0	0	0	0	0	QFi
Chr1	2865423	0	3	4	0	0	FALSE	QFi_Tet18	16	QFi_Tet18_CO_16	2863823	2867023	7	11	7_11	2863823	2867023	0	0	0	0	0	0	0	QFi
Chr1	23781496.5	0	1	2	0	0	FALSE	QFi_Tet18	17	QFi_Tet18_CO_17	23780343	23782650	7	6	7_6	23780343	23782650	0	0	0	0	0	0	0	QFi
Chr1	9650432	1	1	4	456	1	TRUE	QFi_Tet18	18	QFi_Tet18_CO_18	9649986	9650898	13	6	13_14_6	9650422	9650422	436	476	456	1	912	0	1	QFi
Chr1	3982766	0	1	3	0	0	FALSE	QFi_Tet18	19	QFi_Tet18_CO_19	3938146	4027386	13	10	13_10	3938146	4027386	0	0	0	0	0	0	0	QFi
Chr1	6369069	0	1	4	0	0	FALSE	QFi_Tet18	20	QFi_Tet18_CO_20	6365704	6372434	11	4	11_4	6365704	6372434	0	0	0	0	0	0	0	QFi
Chr1	26744370	1	1	2	NA	2	TRUE	QFi_Tet18	21	QFi_Tet18_CO_21	26743490	26746015	6	7	6_5_6_7	26745250	26745758	1760	257	1516.5	509	2525	1	0	QFi
Chr1	728429.5	0	2	4	0	0	FALSE	QFi_Tet18	22	QFi_Tet18_CO_22	727955	728904	7	13	7_13	727955	728904	0	0	0	0	0	0	0	QFi
Chr2	17762054	0	1	2	0	0	FALSE	QFi_Tet18	23	QFi_Tet18_CO_23	17758955	17765153	11	10	11_10	17758955	17765153	0	0	0	0	0	0	0	QFi
Chr2	15375325	0	2	3	0	0	FALSE	QFi_Tet18	24	QFi_Tet18_CO_24	15375074	15375576	6	4	6_4	15375074	15375576	0	0	0	0	0	0	0	QFi
Chr2	2458006	1	3	4	884	3	TRUE	QFi_Tet18	25	QFi_Tet18_CO_25	2457123	2458679	10	6	10_14_14_14_6	2458005	2458217	882	462	884	213	1556	0	3	QFi
Chr2	19291580.5	0	1	2	0	0	FALSE	QFi_Tet18	26	QFi_Tet18_CO_26	19291478	19291683	10	11	10_11	19291478	19291683	0	0	0	0	0	0	0	QFi
Chr2	15753943	0	2	4	0	0	FALSE	QFi_Tet18	27	QFi_Tet18_CO_27	15748698	15759188	4	10	4_10	15748698	15759188	0	0	0	0	0	0	0	QFi
Chr2	17200702	0	1	2	0	0	FALSE	QFi_Tet18	28	QFi_Tet18_CO_28	17200171	17201233	10	11	10_11	17200171	17201233	0	0	0	0	0	0	0	QFi
Chr3	5102278.5	0	1	3	0	0	FALSE	QFi_Tet18	29	QFi_Tet18_CO_29	5079992	5124565	4	7	4_7	5079992	5124565	0	0	0	0	0	0	0	QFi
Chr3	22206815.5	0	2	3	0	0	FALSE	QFi_Tet18	30	QFi_Tet18_CO_30	22205540	22208091	4	6	4_6	22205540	22208091	0	0	0	0	0	0	0	QFi
Chr3	2895909	0	2	3	0	0	FALSE	QFi_Tet18	31	QFi_Tet18_CO_31	2894456	2897362	11	13	11_13	2894456	2897362	0	0	0	0	0	0	0	QFi
Chr3	21480603	0	1	3	0	0	FALSE	QFi_Tet18	32	QFi_Tet18_CO_32	21468762	21492444	7	4	7_4	21468762	21492444	0	0	0	0	0	0	0	QFi
Chr3	8728305.5	0	1	4	0	0	FALSE	QFi_Tet18	33	QFi_Tet18_CO_33	8727467	8729144	4	11	4_11	8727467	8729144	0	0	0	0	0	0	0	QFi
Chr3	5571344	2	1	2	3314	4	TRUE	QFi_Tet18	34	QFi_Tet18_CO_34	5568989	5574254	7	6	7_3_3_3_2_6	5568989	5574254	0	0	5265	5266	5265	4	0	QFi
Chr3	4440945.5	0	1	4	0	0	FALSE	QFi_Tet18	35	QFi_Tet18_CO_35	4439720	4442171	11	4	11_4	4439720	4442171	0	0	0	0	0	0	0	QFi
Chr3	2574917.25	1	1	4	NA	4	TRUE	QFi_Tet18	36	QFi_Tet18_CO_36	2573871	2578826	4	11	4_10_11_11_9_11	2574560	2577507	689	1319	3951	2948	4955	1	0	QFi
Chr3	18208210.25	1	3	4	569.5	3	TRUE	QFi_Tet18	37	QFi_Tet18_CO_37	18207691	18208608	11	7	11_3_3_3_7	18208160	18208382	469	226	569.5	223	917	3	0	QFi
Chr3	6400308.75	1	2	3	620.5	1	TRUE	QFi_Tet18	38	QFi_Tet18_CO_38	6399886	6401127	6	4	6_8_4	6400111	6400111	225	1016	620.5	1	1241	0	1	QFi
Chr3	184217.75	1	1	3	1165.5	2	TRUE	QFi_Tet18	39	QFi_Tet18_CO_39	183543	185871	7	4	7_8_8_4	183727	183730	184	2141	1165.5	4	2328	0	2	QFi
Chr3	3544060	0	2	3	0	0	FALSE	QFi_Tet18	40	QFi_Tet18_CO_40	3543774	3544346	13	11	13_11	3543774	3544346	0	0	0	0	0	0	0	QFi
Chr4	18458746.5	1	2	3	1102	9	TRUE	QFi_Tet18	41	QFi_Tet18_CO_41	18457923	18459605	11	13	11_15_15_15_15_15_15_15_15_15_13	18458468	18458990	545	615	1102	523	1682	0	9	QFi
Chr4	401381.75	3	2	3	NA	4	TRUE	QFi_Tet18	42	QFi_Tet18_CO_42	400577	402127	4	6	4_3_2_2_2_6	400680	401659	103	468	1264.5	980	1550	4	0	QFi
Chr4	11342152.5	0	3	4	0	0	FALSE	QFi_Tet18	43	QFi_Tet18_CO_43	11341292	11343013	6	10	6_10	11341292	11343013	0	0	0	0	0	0	0	QFi
Chr4	13248969	0	1	3	0	0	FALSE	QFi_Tet18	44	QFi_Tet18_CO_44	13248817	13249121	10	13	10_13	13248817	13249121	0	0	0	0	0	0	0	QFi
Chr4	14011978	0	1	4	0	0	FALSE	QFi_Tet18	45	QFi_Tet18_CO_45	14011113	14012843	13	6	13_6	14011113	14012843	0	0	0	0	0	0	0	QFi
Chr4	15080967.75	1	3	4	901.5	1	TRUE	QFi_Tet18	46	QFi_Tet18_CO_46	15080301	15082104	7	11	7_15_11	15080733	15080733	432	1371	901.5	1	1803	0	1	QFi
Chr4	14638279	0	1	2	0	0	FALSE	QFi_Tet18	47	QFi_Tet18_CO_47	14638022	14638536	6	7	6_7	14638022	14638536	0	0	0	0	0	0	0	QFi
Chr5	1308183.5	8	3	4	987	5	TRUE	QFi_Tet18	48	QFi_Tet18_CO_48	1307568	1308792	7	11	7_13_13_13_13_15_11	1307812	1308562	244	230	987	751	1224	0	1	QFi
Chr5	8776397.5	0	2	3	0	0	FALSE	QFi_Tet18	49	QFi_Tet18_CO_49	8775562	8777233	13	11	13_11	8775562	8777233	0	0	0	0	0	0	0	QFi
Chr5	5833389.5	0	2	3	0	0	FALSE	QFi_Tet18	50	QFi_Tet18_CO_50	5833030	5833749	4	6	4_6	5833030	5833749	0	0	0	0	0	0	0	QFi
Chr5	25920584.5	0	1	3	0	0	FALSE	QFi_Tet18	51	QFi_Tet18_CO_51	25919785	25921384	13	10	13_10	25919785	25921384	0	0	0	0	0	0	0	QFi
Chr5	5207022	1	1	3	NA	25	TRUE	QFi_Tet18	52	QFi_Tet18_CO_52	5202311	5207419	7	4	7_3_3_7_7_7_7_7_7_7_7_7_7_7_7_7_7_7_7_7_7_7_7_7_7_7_4	5202921	5206625	610	794	4406	3705	5108	2	0	QFi
Chr5	6315962	1	1	4	1061	1	TRUE	QFi_Tet18	53	QFi_Tet18_CO_53	6315147	6317269	6	13	6_5_13	6315716	6315716	569	1553	1061	1	2122	1	0	QFi
Chr5	22320354	0	1	4	0	0	FALSE	QFi_Tet18	54	QFi_Tet18_CO_54	22318436	22322272	6	13	6_13	22318436	22322272	0	0	0	0	0	0	0	QFi
Chr5	21286036	0	3	4	0	0	FALSE	QFi_Tet18	55	QFi_Tet18_CO_55	21285536	21286536	10	6	10_6	21285536	21286536	0	0	0	0	0	0	0	QFi
Chr5	26348816.5	0	1	2	0	0	FALSE	QFi_Tet18	56	QFi_Tet18_CO_56	26348354	26349279	10	11	10_11	26348354	26349279	0	0	0	0	0	0	0	QFi
Chr5	21025041	0	1	3	0	0	FALSE	QFi_Tet18	57	QFi_Tet18_CO_57	21024389	21025693	13	10	13_10	21024389	21025693	0	0	0	0	0	0	0	QFi
Chr5	24530910.5	0	1	3	0	0	FALSE	QFi_Tet18	58	QFi_Tet18_CO_58	24530680	24531141	10	13	10_13	24530680	24531141	0	0	0	0	0	0	0	QFi
Chr5	3910751.5	0	3	4	0	0	FALSE	QFi_Tet18	59	QFi_Tet18_CO_59	3907257	3914246	11	7	11_7	3907257	3914246	0	0	0	0	0	0	0	QFi
Chr5	7083383.5	1	1	3	2103	21	TRUE	QFi_Tet18	60	QFi_Tet18_CO_60	7081929	7084741	13	10	13_14_14_14_14_14_14_14_14_14_14_14_14_14_14_14_14_14_14_14_14_14_10	7082735	7084129	806	612	2103	1395	2812	0	21	QFi
Chr5	23653115.25	1	1	3	1881.5	1	TRUE	QFi_Tet18	61	QFi_Tet18_CO_61	23650917	23654680	13	10	13_9_10	23653432	23653432	2515	1248	1881.5	1	3763	1	0	QFi
Chr5	7755730.75	8	1	3	1919.5	4	TRUE	QFi_Tet18	62	QFi_Tet18_CO_62	7754460	7757457	10	13	10_9_9_11_11_13	7755082	7755924	622	1533	1919.5	843	2997	2	0	QFi
Chr5	19696799	0	3	4	0	0	FALSE	QFi_Tet18	63	QFi_Tet18_CO_63	19693732	19699866	11	7	11_7	19693732	19699866	0	0	0	0	0	0	0	QFi
Chr5	14812190.75	1	1	4	NA	22	TRUE	QFi_Tet18	64	QFi_Tet18_CO_64	14811015	14812726	11	4	11_9_9_9_9_11_11_11_11_11_11_11_11_11_11_11_11_11_11_11_11_3_3_4	14811209	14812138	194	588	1320	930	1711	6	0	QFi
Chr5	20238912	1	2	4	NA	6	TRUE	QFi_Tet18	65	QFi_Tet18_CO_65	20237732	20239156	7	13	7_15_15_15_15_15_7_13	20237806	20238668	74	488	1143	863	1424	0	5	QFi
Chr5	18360260.75	1	1	4	129.5	1	TRUE	QFi_Tet18	66	QFi_Tet18_CO_66	18360127	18360386	4	11	4_12_11	18360265	18360265	138	121	129.5	1	259	0	1	QFi
Chr1	28466793	0	3	4	0	0	FALSE	wt_Tet1	1	wt_Tet1_CO_1	28456198	28477388	10	6	10_6	28456198	28477388	0	0	0	0	0	0	0	wt
Chr1	16777677	1	1	3	371	6	TRUE	wt_Tet1	2	wt_Tet1_CO_2	16777356	16778027	13	10	13_9_9_9_9_9_9_10	16777627	16777698	271	329	371	72	671	6	0	wt
Chr1	680299.5	0	2	3	0	0	FALSE	wt_Tet1	3	wt_Tet1_CO_3	680183	680416	11	13	11_13	680183	680416	0	0	0	0	0	0	0	wt
Chr2	18520123.5	1	1	2	1186	1	TRUE	wt_Tet1	4	wt_Tet1_CO_4	18518683	18521055	6	7	6_5_7	18520378	18520378	1695	677	1186	1	2372	1	0	wt
Chr2	7686397	0	1	4	0	0	FALSE	wt_Tet1	5	wt_Tet1_CO_5	7680452	7692342	13	6	13_6	7680452	7692342	0	0	0	0	0	0	0	wt
Chr3	10698074.5	1	1	3	617	8	TRUE	wt_Tet1	6	wt_Tet1_CO_6	10697653	10698596	10	13	10_14_14_14_14_14_14_14_14_13	10697879	10698170	226	426	617	292	943	0	8	wt
Chr4	11444051.5	0	2	3	0	0	FALSE	wt_Tet1	7	wt_Tet1_CO_7	11443406	11444697	6	4	6_4	11443406	11444697	0	0	0	0	0	0	0	wt
Chr4	5736293.5	0	1	4	0	0	FALSE	wt_Tet1	8	wt_Tet1_CO_8	5734802	5737785	13	6	13_6	5734802	5737785	0	0	0	0	0	0	0	wt
Chr5	17730820.25	1	2	4	532.5	3	TRUE	wt_Tet1	9	wt_Tet1_CO_9	17730531	17731177	13	7	13_5_5_5_7	17730577	17730996	46	181	532.5	420	646	3	0	wt
Chr5	8443829.5	0	1	4	0	0	FALSE	wt_Tet1	10	wt_Tet1_CO_10	8442722	8444937	6	13	6_13	8442722	8444937	0	0	0	0	0	0	0	wt
Chr1	28731814.5	0	1	2	0	0	FALSE	wt_Tet2	1	wt_Tet2_CO_1	28724228	28739401	7	6	7_6	28724228	28739401	0	0	0	0	0	0	0	wt
Chr1	5424529	1	2	3	391	2	TRUE	wt_Tet2	2	wt_Tet2_CO_2	5424209	5424830	4	6	4_8_8_6	5424458	5424619	249	211	391	162	621	0	2	wt
Chr1	9143413.25	1	1	2	845.5	3	TRUE	wt_Tet2	3	wt_Tet2_CO_3	9142675	9143869	6	7	6_8_8_8_7	9143306	9143803	631	66	845.5	498	1194	0	3	wt
Chr2	9787514.75	1	1	2	1284.5	10	TRUE	wt_Tet2	4	wt_Tet2_CO_4	9786539	9788259	10	11	10_9_9_9_9_9_9_9_9_9_9_11	9787206	9788055	667	204	1284.5	850	1720	10	0	wt
Chr3	9465077.5	1	2	4	737	2	TRUE	wt_Tet2	5	wt_Tet2_CO_5	9464414	9465638	13	7	13_5_5_7	9465004	9465254	590	384	737	251	1224	2	0	wt
Chr3	17960621	1	3	4	487	3	TRUE	wt_Tet2	6	wt_Tet2_CO_6	17960314	17960952	7	11	7_15_15_15_11	17960441	17960777	127	175	487	337	638	0	3	wt
Chr4	1005774.5	1	3	4	438	2	TRUE	wt_Tet2	7	wt_Tet2_CO_7	1005416	1006168	11	7	11_3_3_7	1005695	1005819	279	349	438	125	752	2	0	wt
Chr5	21246452	1	3	4	1164	2	TRUE	wt_Tet2	8	wt_Tet2_CO_8	21244874	21247197	10	6	10_2_2_6	21246866	21246871	1992	326	1164	6	2323	2	0	wt
Chr5	1609883.5	0	2	4	0	0	FALSE	wt_Tet2	9	wt_Tet2_CO_9	1609465	1610302	4	10	4_10	1609465	1610302	0	0	0	0	0	0	0	wt
Chr1	13279313	0	3	4	0	0	FALSE	wt_Tet3	1	wt_Tet3_CO_1	13279246	13279380	10	6	10_6	13279246	13279380	0	0	0	0	0	0	0	wt
Chr1	21030677	0	2	3	0	0	FALSE	wt_Tet3	6	wt_Tet3_CO_6	21028519	21032835	6	4	6_4	21028519	21032835	0	0	0	0	0	0	0	wt
Chr1	606623.5	1	1	2	325	3	TRUE	wt_Tet3	7	wt_Tet3_CO_7	606437	606987	11	10	11_9_9_9_10	606485	606585	48	402	325	101	550	3	0	wt
Chr2	17877122.5	1	1	2	1301	3	TRUE	wt_Tet3	8	wt_Tet3_CO_8	17876270	17877934	6	7	6_5_5_5_7	17876674	17877612	404	322	1301	939	1664	3	0	wt
Chr2	243262.75	1	1	4	196.5	2	TRUE	wt_Tet3	9	wt_Tet3_CO_9	243023	243408	13	6	13_14_14_6	243306	243314	283	94	196.5	9	385	0	2	wt
Chr3	17915866.5	1	3	4	588	6	TRUE	wt_Tet3	10	wt_Tet3_CO_10	17915490	17916230	6	10	6_2_2_2_2_2_2_10	17915655	17916091	165	139	588	437	740	6	0	wt
Chr3	8790836	0	3	4	0	0	FALSE	wt_Tet3	11	wt_Tet3_CO_11	8788832	8792840	10	6	10_6	8788832	8792840	0	0	0	0	0	0	0	wt
Chr4	5637491	1	1	4	1088	2	TRUE	wt_Tet3	12	wt_Tet3_CO_12	5636855	5638924	11	4	11_3_3_4	5637039	5637146	184	1778	1088	108	2069	2	0	wt
Chr5	19305780.5	1	1	4	1146	1	TRUE	wt_Tet3	13	wt_Tet3_CO_13	19304960	19307252	6	13	6_5_13	19305455	19305455	495	1797	1146	1	2292	1	0	wt
Chr5	10640369.5	0	1	2	0	0	FALSE	wt_Tet3	14	wt_Tet3_CO_14	10640123	10640616	7	6	7_6	10640123	10640616	0	0	0	0	0	0	0	wt
Chr1	23685846	1	2	4	278	1	TRUE	wt_Tet4	1	wt_Tet4_CO_1	23685530	23686086	10	4	10_2_4	23685884	23685884	354	202	278	1	556	1	0	wt
Chr1	1425192	0	2	4	0	0	FALSE	wt_Tet4	2	wt_Tet4_CO_2	1424739	1425645	10	4	10_4	1424739	1425645	0	0	0	0	0	0	0	wt
Chr1	8975424.25	1	2	4	438.5	2	TRUE	wt_Tet4	3	wt_Tet4_CO_3	8974983	8975704	4	10	4_12_12_10	8975427	8975583	444	121	438.5	157	721	0	2	wt
Chr2	8058255.5	1	1	2	1465	4	TRUE	wt_Tet4	4	wt_Tet4_CO_4	8056751	8059208	7	6	7_8_8_8_8_6	8058295	8058768	1544	440	1465	474	2457	0	4	wt
Chr2	325500.5	0	1	2	0	0	FALSE	wt_Tet4	5	wt_Tet4_CO_5	324931	326070	6	7	6_7	324931	326070	0	0	0	0	0	0	0	wt
Chr3	11467699.25	1	3	4	712.5	2	TRUE	wt_Tet4	6	wt_Tet4_CO_6	11467059	11468134	11	7	11_3_3_7	11467627	11467977	568	157	712.5	351	1075	2	0	wt
Chr3	5102278.5	0	1	2	0	0	FALSE	wt_Tet4	7	wt_Tet4_CO_7	5079992	5124565	10	11	10_11	5079992	5124565	0	0	0	0	0	0	0	wt
Chr4	5317257	0	1	3	0	0	FALSE	wt_Tet4	8	wt_Tet4_CO_8	5302507	5332007	10	13	10_13	5302507	5332007	0	0	0	0	0	0	0	wt
Chr4	11769585.75	1	2	4	394.5	1	TRUE	wt_Tet4	9	wt_Tet4_CO_9	11769303	11770092	13	7	13_5_7	11769474	11769474	171	618	394.5	1	789	1	0	wt
Chr5	149710.25	1	2	4	508.5	1	TRUE	wt_Tet4	10	wt_Tet4_CO_10	149151	150168	4	10	4_2_10	149761	149761	610	407	508.5	1	1017	1	0	wt
Chr5	13672345	0	1	2	0	0	FALSE	wt_Tet4	11	wt_Tet4_CO_11	13666039	13678651	10	11	10_11	13666039	13678651	0	0	0	0	0	0	0	wt
Chr5	25701125.5	1	1	4	735	3	TRUE	wt_Tet4	12	wt_Tet4_CO_12	25700522	25701960	11	4	11_12_12_12_4	25700994	25701026	472	934	735	33	1438	0	3	wt
Chr1	19833522	0	2	3	0	0	FALSE	Fa_Tet7	5	Fa_Tet7_CO_5	19833317	19833727	13	11	13_11	19833317	19833727	0	0	0	0	0	0	0	Fa
Chr1	7440031	1	2	4	751	6	TRUE	Fa_Tet7	6	Fa_Tet7_CO_6	7439508	7440665	7	13	7_15_15_15_15_15_15_13	7439803	7440148	295	517	751	346	1157	0	6	Fa
Chr2	11362306	0	1	3	0	0	FALSE	Fa_Tet7	7	Fa_Tet7_CO_7	11362015	11362597	13	10	13_10	11362015	11362597	0	0	0	0	0	0	0	Fa
Chr3	11464713.75	1	2	3	788.5	2	TRUE	Fa_Tet7	8	Fa_Tet7_CO_8	11463658	11465217	11	13	11_15_15_13	11464981	11464999	1323	218	788.5	19	1559	0	2	Fa
Chr4	11240209.25	1	1	3	822.5	5	TRUE	Fa_Tet7	11	Fa_Tet7_CO_11	11239491	11240712	4	7	4_3_3_3_3_3_7	11240105	11240529	614	183	822.5	425	1221	5	0	Fa
Chr5	7980511.25	1	1	4	1148.5	4	TRUE	Fa_Tet7	14	Fa_Tet7_CO_14	7979855	7981997	11	4	11_12_12_12_12_4	7980019	7980174	164	1823	1148.5	156	2142	0	4	Fa
Chr5	16207009	1	2	4	784	4	TRUE	Fa_Tet7	15	Fa_Tet7_CO_15	16206585	16207544	4	10	4_12_12_12_12_10	16206649	16207258	64	286	784	610	959	0	4	Fa
Chr5	25458275.25	1	3	4	1803.5	16	TRUE	Fa_Tet7	16	Fa_Tet7_CO_16	25456763	25459627	10	6	10_2_2_2_2_2_2_2_2_2_2_2_2_2_2_2_2_6	25457984	25458727	1221	900	1803.5	744	2864	16	0	Fa
Chr1	2335865	0	2	3	0	0	FALSE	Fi_Tet10	1	Fi_Tet10_CO_1	2335581	2336149	6	4	6_4	2335581	2336149	0	0	0	0	0	0	0	Fi
Chr1	30352898.5	1	1	3	863	4	TRUE	Fi_Tet10	2	Fi_Tet10_CO_2	30352378	30353466	4	7	4_3_3_3_3_7	30352556	30353194	178	272	863	639	1088	4	0	Fi
Chr2	11749225.75	1	1	4	729.5	2	TRUE	Fi_Tet10	3	Fi_Tet10_CO_3	11748160	11749617	4	11	4_12_12_11	11749562	11749564	1402	53	729.5	3	1457	0	2	Fi
Chr3	9276315.5	0	1	4	0	0	FALSE	Fi_Tet10	4	Fi_Tet10_CO_4	9275796	9276835	11	4	11_4	9275796	9276835	0	0	0	0	0	0	0	Fi
Chr3	195780	1	2	3	466	7	TRUE	Fi_Tet10	5	Fi_Tet10_CO_5	195387	196147	13	11	13_9_9_9_9_9_9_9_11	195707	195879	320	268	466	173	760	7	0	Fi
Chr4	17335678	1	3	4	1205	3	TRUE	Fi_Tet10	6	Fi_Tet10_CO_6	17334839	17336929	7	11	7_3_3_3_11	17335312	17335632	473	1297	1205	321	2090	3	0	Fi
Chr4	8966707	0	1	3	0	0	FALSE	Fi_Tet10	7	Fi_Tet10_CO_7	8966430	8966984	4	7	4_7	8966430	8966984	0	0	0	0	0	0	0	Fi
Chr5	15903498.5	0	1	4	0	0	FALSE	Fi_Tet10	8	Fi_Tet10_CO_8	15903095	15903902	4	11	4_11	15903095	15903902	0	0	0	0	0	0	0	Fi
Chr5	1667997.5	1	3	4	NA	7	TRUE	Fi_Tet10	9	Fi_Tet10_CO_9	1667417	1669685	11	7	11_15_15_15_15_15_7_3_7	1667834	1668652	417	1033	1543	819	2268	1	5	Fi
Chr5	25194490.25	1	1	2	1178.5	6	TRUE	Fi_Tet10	10	Fi_Tet10_CO_10	25193866	25195423	11	10	11_12_12_12_12_12_12_10	25193936	25194736	70	687	1178.5	801	1557	0	6	Fi
Chr5	4755750.5	0	1	3	0	0	FALSE	Fi_Tet10	11	Fi_Tet10_CO_11	4755467	4756034	7	4	7_4	4755467	4756034	0	0	0	0	0	0	0	Fi
Chr1	21443252.5	0	3	4	0	0	FALSE	wt_Tet5	1	wt_Tet5_CO_1	21442804	21443701	11	7	11_7	21442804	21443701	0	0	0	0	0	0	0	wt
Chr1	1144190.5	0	1	2	0	0	FALSE	wt_Tet5	2	wt_Tet5_CO_2	1144061	1144320	10	11	10_11	1144061	1144320	0	0	0	0	0	0	0	wt
Chr2	6303549.75	1	2	3	2088.5	3	TRUE	wt_Tet5	7	wt_Tet5_CO_7	6301229	6304618	6	4	6_2_2_2_4	6303782	6304570	2553	48	2088.5	789	3389	3	0	wt
Chr3	4732823	1	1	4	191	2	TRUE	wt_Tet5	8	wt_Tet5_CO_8	4732710	4733001	13	6	13_5_5_6	4732745	4732836	35	165	191	92	291	2	0	wt
Chr3	19181867	1	1	4	560	1	TRUE	wt_Tet5	9	wt_Tet5_CO_9	19181118	19182238	6	13	6_14_13	19182056	19182056	938	182	560	1	1120	0	1	wt
Chr4	6256513.25	1	2	3	461.5	2	TRUE	wt_Tet5	10	wt_Tet5_CO_10	6256117	6256792	6	4	6_2_2_4	6256448	6256696	331	96	461.5	249	675	2	0	wt
Chr5	14853506.75	1	2	3	1009.5	3	TRUE	wt_Tet5	11	wt_Tet5_CO_11	14852978	14854335	6	4	6_8_8_8_4	14853026	14853688	48	647	1009.5	663	1357	0	3	wt
