Tetrad	Chr	NCO.Event	Tetrad.NCO.Event	event.start	event.stop	nbSNP	Min.Length	mean.LogP	min.LogP	max.LogP	MAP	M1	M2	M3	M4	G	M.mean	event.F.start	event.F.stop	medianD	minTL	maxTL	Genotype
Fa_Tet6	Chr1	1	Fa_Tet6_1	4163546	4163576	2	30	4.69321629211058	4.69313753370911	4.69329505051205	14	20.5	19.5	34	29.5	Col.Ler.Col.Col	25.875	4162884	4164595	870.5	31	1711	Fa
Fa_Tet6	Chr1	2	Fa_Tet6_2	11032882	11032915	4	33	0.553539381663192	0.553398742139344	0.553652328920358	8	7.25	7.5	13.5	13.75	Col.Col.Col.Ler	10.5	11032514	11033272	395.5	34	758	Fa
Fa_Tet6	Chr3	3	Fa_Tet6_3	16575110	16575165	6	55	8.42287115986576	3.5137242454685	12.731353497088	12	14.8333333333333	11.3333333333333	23	18.3333333333333	Col.Col.Ler.Col	16.875	16575097	16575196	77	56	99	Fa
Fa_Tet6	Chr4	4	Fa_Tet6_4	8005641	8005656	5	15	11.2582983173212	6.28292059767951	20	8	18	22.6	29.2	13.4	Col.Col.Col.Ler	20.8	8005626	8005712	50.5	16	86	Fa
Fa_Tet6	Chr5	5	Fa_Tet6_5	7673745	7673818	12	73	6.84615650750692	1.71203915493638	12.3091675008419	12	11.4166666666667	6.41666666666667	15.75	17.25	Col.Col.Ler.Col	12.7083333333333	7673733	7673853	96.5	74	120	Fa
Fa_Tet6	Chr5	6	Fa_Tet6_6	7872886	7872933	4	47	5.27832247234327	3.58323503352065	5.9979023524473	14	23.25	17.25	13.5	18.5	Col.Ler.Col.Col	18.125	7872847	7872980	90	48	133	Fa
Fa_Tet6	Chr5	7	Fa_Tet6_7	14923593	14923634	4	41	8.9974278983848	6.44584468554265	11.3516837292539	2	30.75	24.25	25.25	28.25	Co.Ler.Ler.Ler	27.125	14922554	14924002	744.5	42	1448	Fa
Fa_Tet6	Chr5	8	Fa_Tet6_8	15484490	15484490	1	0	7.06866518056033	7.06866518056033	7.06866518056033	2	12	11	9	19	Co.Ler.Ler.Ler	12.75	15484116	15484620	252	1	504	Fa
Fi_Tet8	Chr1	1	Fi_Tet8_1	11333941	11333966	4	25	0.660044997818369	0.657025954015385	0.661088649081996	14	8	18.25	18	12.25	Col.Ler.Col.Col	14.125	11333924	11334455	278	26	531	Fi
Fi_Tet8	Chr1	2	Fi_Tet8_2	13937395	13937431	3	36	3.20655394053758	3.09274671260348	3.26364575489289	15	24.6666666666667	20.3333333333333	38.3333333333333	38.3333333333333	Ler.Col.Col.Col	30.4166666666667	13935118	13938717	1817.5	37	3599	Fi
Fi_Tet8	Chr1	3	Fi_Tet8_3	25176209	25176209	1	0	5.87463372860059	5.87463372860059	5.87463372860059	5	6	19	25	14	Ler.Ler.Col.Ler	16	25176000	25176418	209	1	418	Fi
Fi_Tet8	Chr1	4	Fi_Tet8_4	28399387	28399387	1	0	9.03631985077187	9.03631985077187	9.03631985077187	5	5	25	18	7	Ler.Ler.Col.Ler	13.75	28398913	28399752	419.5	1	839	Fi
Fi_Tet8	Chr2	5	Fi_Tet8_5	5918056	5918130	7	74	12.2273408386765	7.78074079917455	15.1764385198074	14	11.4285714285714	22.2857142857143	32.7142857142857	20	Col.Ler.Col.Col	21.6071428571429	5918052	5918139	80.5	75	87	Fi
Fi_Tet8	Chr2	6	Fi_Tet8_6	10636115	10636227	3	112	3.03408476750481	2.96864534124414	3.06854032881518	14	13.3333333333333	17.6666666666667	12	16.6666666666667	Col.Ler.Col.Col	14.9166666666667	10635699	10636508	460.5	113	809	Fi
Fi_Tet8	Chr3	7	Fi_Tet8_7	17710280	17710280	1	0	2.5356536833802	2.5356536833802	2.5356536833802	8	35	31	35	27	Col.Col.Col.Ler	32	17710066	17710752	343	1	686	Fi
Fi_Tet8	Chr3	8	Fi_Tet8_8	19813988	19813990	2	2	20	20	20	9	20	23	24	27	Ler.Ler.Ler.Col	23.5	19812462	19814416	978	3	1954	Fi
Fi_Tet8	Chr4	9	Fi_Tet8_9	6697602	6697602	1	0	0.98360810718904	0.98360810718904	0.98360810718904	14	29	36	15	29	Col.Ler.Col.Col	27.25	6696722	6697782	530	1	1060	Fi
Fi_Tet8	Chr4	10	Fi_Tet8_10	15361927	15361927	1	0	10.4291639882808	10.4291639882808	10.4291639882808	3	24	42	27	30	Ler.Col.Ler.Ler	30.75	15361050	15362866	908	1	1816	Fi
Fi_Tet8	Chr4	11	Fi_Tet8_11	18251607	18251677	3	70	2.3161149131807	2.31419816487656	2.31772629493574	15	21	17.3333333333333	11.6666666666667	12.6666666666667	Ler.Col.Col.Col	15.6666666666667	18251536	18251786	160	71	250	Fi
Fi_Tet8	Chr5	12	Fi_Tet8_12	523111	523341	9	230	14.3662095017956	10.0672487735215	15.954589770191	2	17.7777777777778	17	22	26.3333333333333	Co.Ler.Ler.Ler	20.7777777777778	522950	523944	612	231	994	Fi
Fi_Tet8	Chr5	13	Fi_Tet8_13	591976	591976	1	0	2.26128175430675	2.26128175430675	2.26128175430675	12	32	36	40	33	Col.Col.Ler.Col	35.25	591651	592629	489	1	978	Fi
Fi_Tet8	Chr5	14	Fi_Tet8_14	9044516	9044516	1	0	1.96195451606209	1.96195451606209	1.96195451606209	14	31	25	16	46	Col.Ler.Col.Col	29.5	9042967	9044787	910	1	1820	Fi
Fi_Tet9	Chr1	1	Fi_Tet9_1	1748919	1748919	1	0	6.53635456362772	6.53635456362772	6.53635456362772	14	44	36	27	46	Col.Ler.Col.Col	38.25	1747406	1749853	1223.5	1	2447	Fi
Fi_Tet9	Chr1	2	Fi_Tet9_2	4337681	4337681	1	0	1.33624185460705	1.33624185460705	1.33624185460705	14	27	24	27	29	Col.Ler.Col.Col	26.75	4337213	4339842	1314.5	1	2629	Fi
Fi_Tet9	Chr1	3	Fi_Tet9_3	12614929	12615530	9	601	11.1736718219086	4.66062634984966	15.653559774527	15	14.4444444444444	22.1111111111111	23.1111111111111	16.4444444444444	Ler.Col.Col.Col	19.0277777777778	12614450	12616869	1510	602	2419	Fi
Fi_Tet9	Chr1	4	Fi_Tet9_4	21145131	21145343	2	212	1.98840020105414	1.97067495710904	2.00612544499923	8	18	27	20	22.5	Col.Col.Col.Ler	21.875	21145092	21145600	360	213	508	Fi
Fi_Tet9	Chr1	5	Fi_Tet9_5	22274847	22274931	3	84	20	20	20	5	23	22	30	34	Ler.Ler.Col.Ler	27.25	22273322	22275069	915.5	85	1747	Fi
Fi_Tet9	Chr2	6	Fi_Tet9_6	19045020	19045020	1	0	0.317539135820417	0.317539135820417	0.317539135820417	14	19	28	23	26	Col.Ler.Col.Col	24	19044491	19045218	363.5	1	727	Fi
Fi_Tet9	Chr2	7	Fi_Tet9_7	19439377	19439377	1	0	20	20	20	5	31	47	37	37	Ler.Ler.Col.Ler	38	19438031	19440818	1393.5	1	2787	Fi
Fi_Tet9	Chr3	8	Fi_Tet9_8	6593502	6593502	1	0	20	20	20	9	30	18	29	40	Ler.Ler.Ler.Col	29.25	6576312	6595370	9529	1	19058	Fi
Fi_Tet9	Chr3	9	Fi_Tet9_9	8537511	8537559	2	48	0.836985078300588	0.83695324075363	0.837016915847546	14	26.5	27.5	16.5	25	Col.Ler.Col.Col	23.875	8537431	8537617	117	49	186	Fi
Fi_Tet9	Chr3	10	Fi_Tet9_10	16924381	16924683	4	302	11.9245346947849	7.31676220494775	14.954589770191	9	19.25	23	32.5	18	Ler.Ler.Ler.Col	23.1875	16924251	16924998	524.5	303	747	Fi
Fi_Tet9	Chr4	11	Fi_Tet9_11	6702578	6702578	1	0	3.04523332634754	3.04523332634754	3.04523332634754	2	33	15	16	20	Co.Ler.Ler.Ler	21	6702194	6703083	444.5	1	889	Fi
Fi_Tet9	Chr4	12	Fi_Tet9_12	11484018	11484509	4	491	16.7673845283434	11.1149483431825	20	2	23.75	19	23.5	20.25	Co.Ler.Ler.Ler	21.625	11483793	11485365	1031.5	492	1572	Fi
Fi_Tet9	Chr4	13	Fi_Tet9_13	16842747	16842747	1	0	12.9354734797439	12.9354734797439	12.9354734797439	2	21	31	27	40	Co.Ler.Ler.Ler	29.75	16841632	16843836	1102	1	2204	Fi
Fi_Tet9	Chr5	14	Fi_Tet9_14	2093947	2094551	2	604	2.23760054830152	2.21224537072	2.26295572588305	15	19.5	40	35.5	17	Ler.Col.Col.Col	28	2093715	2094863	876	605	1148	Fi
Fi_Tet9	Chr5	15	Fi_Tet9_15	5750033	5750156	2	123	20	20	20	3	21.5	36	26.5	26.5	Ler.Col.Ler.Ler	27.625	5749730	5751244	818.5	124	1514	Fi
FiFa_Tet14	Chr1	1	FiFa_Tet14_1	1198351	1198806	3	455	9.79903301150048	5.75808977534643	13.0130783375566	12	22.3333333333333	27	20.3333333333333	25.3333333333333	Col.Col.Ler.Col	23.75	1197487	1199647	1307.5	456	2160	FiFa
FiFa_Tet14	Chr1	2	FiFa_Tet14_2	25098534	25098534	1	0	2.53742616780833	2.53742616780833	2.53742616780833	2	13	12	16	26	Co.Ler.Ler.Ler	16.75	25098388	25098618	115	1	230	FiFa
FiFa_Tet14	Chr1	3	FiFa_Tet14_3	27451368	27451582	3	214	15.0657504433394	14.1911617766281	15.653559774527	2	22	27.6666666666667	32.3333333333333	18.3333333333333	Co.Ler.Ler.Ler	25.0833333333333	27450765	27452388	918.5	215	1623	FiFa
FiFa_Tet14	Chr1	4	FiFa_Tet14_4	27594466	27594466	1	0	3.20673548665935	3.20673548665935	3.20673548665935	9	17	22	23	16	Ler.Ler.Ler.Col	19.5	27593996	27594623	313.5	1	627	FiFa
FiFa_Tet14	Chr2	5	FiFa_Tet14_5	11534917	11534983	7	66	11.8608491629384	7.40350209441447	15.954589770191	8	21	21.5714285714286	26.4285714285714	11.7142857142857	Col.Col.Col.Ler	20.1785714285714	11534875	11535088	139.5	67	213	FiFa
FiFa_Tet14	Chr2	6	FiFa_Tet14_6	19312670	19319049	5	6379	10.5179567624557	5.96497228065765	13.6449596027651	14	19.8	26.4	24	21.4	Col.Ler.Col.Col	22.9	19309131	19320501	8874.5	6380	11370	FiFa
FiFa_Tet14	Chr3	7	FiFa_Tet14_7	3037594	3037915	3	321	7.81915399802827	5.69975108035362	9.86048915526698	8	18	24	35	23.6666666666667	Col.Col.Col.Ler	25.1666666666667	3035814	3038515	1511	322	2701	FiFa
FiFa_Tet14	Chr3	8	FiFa_Tet14_8	11792150	11792179	5	29	1.84764526279097	1.82615639236871	1.85421183914999	8	8	23.6	17	24.6	Col.Col.Col.Ler	18.3	11792136	11792238	65.5	30	102	FiFa
FiFa_Tet14	Chr4	9	FiFa_Tet14_9	15673639	15673639	1	0	13.7241408488127	13.7241408488127	13.7241408488127	3	21	22	18	18	Ler.Col.Ler.Ler	19.75	15671471	15674018	1273.5	1	2547	FiFa
FiFa_Tet14	Chr5	10	FiFa_Tet14_10	2266588	2266588	1	0	12.8703710834518	12.8703710834518	12.8703710834518	3	13	21	30	23	Ler.Col.Ler.Ler	21.75	2264954	2268506	1776	1	3552	FiFa
FiFa_Tet14	Chr5	11	FiFa_Tet14_11	22066084	22066092	2	8	5.21172867855948	5.19428673665637	5.2291706204626	12	16	25	18	15.5	Col.Col.Ler.Col	18.625	22065811	22066134	165.5	9	323	FiFa
FiFa_Tet14	Chr5	12	FiFa_Tet14_12	26760537	26760537	1	0	10.7537283328301	10.7537283328301	10.7537283328301	3	23	41	26	37	Ler.Col.Ler.Ler	31.75	26758064	26760897	1416.5	1	2833	FiFa
FiFa_Tet15	Chr1	1	FiFa_Tet15_1	5721152	5721152	1	0	13.1764385198074	13.1764385198074	13.1764385198074	9	14	33	37	26	Ler.Ler.Ler.Col	27.5	5717342	5722421	2539.5	1	5079	FiFa
FiFa_Tet15	Chr1	2	FiFa_Tet15_2	19706103	19706117	2	14	2.47492400757901	2.47492123731549	2.47492677784253	9	12.5	9	26.5	16.5	Ler.Ler.Ler.Col	16.125	19705696	19706462	390	15	766	FiFa
FiFa_Tet15	Chr1	3	FiFa_Tet15_3	26134960	26134960	1	0	13.6557366937813	13.6557366937813	13.6557366937813	9	29	18	18	23	Ler.Ler.Ler.Col	22	26132424	26135582	1579	1	3158	FiFa
FiFa_Tet15	Chr1	4	FiFa_Tet15_4	26416518	26416667	3	149	15.6370373671163	11.5585823224858	20	5	27.3333333333333	15.3333333333333	25.3333333333333	21.3333333333333	Ler.Ler.Col.Ler	22.3333333333333	26415995	26417377	765.5	150	1382	FiFa
FiFa_Tet15	Chr1	5	FiFa_Tet15_5	28004981	28004981	1	0	0.389112843297165	0.389112843297165	0.389112843297165	14	24	26	23	18	Col.Ler.Col.Col	22.75	28003037	28005486	1224.5	1	2449	FiFa
FiFa_Tet15	Chr1	6	FiFa_Tet15_6	28387450	28387478	2	28	5.39342544286601	5.37884716157555	5.40800372415647	5	23.5	24	20	19	Ler.Ler.Col.Ler	21.625	28387355	28388068	370.5	29	713	FiFa
FiFa_Tet15	Chr1	7	FiFa_Tet15_7	29134009	29134009	1	0	15.352529778863	15.352529778863	15.352529778863	3	22	27	27	16	Ler.Col.Ler.Ler	23	29133274	29134533	629.5	1	1259	FiFa
FiFa_Tet15	Chr2	8	FiFa_Tet15_8	19557733	19557940	5	207	14.6794917979079	12.6546468701682	15.954589770191	2	20.4	21.6	22.8	22.8	Co.Ler.Ler.Ler	21.9	19557152	19558667	861	208	1515	FiFa
FiFa_Tet15	Chr3	9	FiFa_Tet15_9	3953125	3953125	1	0	0.920871542281809	0.920871542281809	0.920871542281809	15	26	34	34	25	Ler.Col.Col.Col	29.75	3951385	3954561	1588	1	3176	FiFa
FiFa_Tet15	Chr3	10	FiFa_Tet15_10	19489332	19489332	1	0	10.4632799145982	10.4632799145982	10.4632799145982	5	14	20	12	9	Ler.Ler.Col.Ler	13.75	19488473	19489764	645.5	1	1291	FiFa
FiFa_Tet15	Chr3	11	FiFa_Tet15_11	22652844	22652966	6	122	6.71103624854315	1.42760147127921	10.7099144194235	15	14.1666666666667	19.5	14.8333333333333	11.5	Ler.Col.Col.Col	15	22652763	22652978	168.5	123	215	FiFa
FiFa_Tet15	Chr4	12	FiFa_Tet15_12	519621	519701	2	80	17.0675229173245	14.1350458346491	20	9	28	36	19	23.5	Ler.Ler.Ler.Col	26.625	517981	519931	1015	81	1950	FiFa
FiFa_Tet15	Chr5	13	FiFa_Tet15_13	1712229	1712303	2	74	4.6378037950098	4.63049351016447	4.64511407985513	8	23	15	20.5	14.5	Col.Col.Col.Ler	18.25	1711437	1712623	630	75	1186	FiFa
FiFa_Tet15	Chr5	14	FiFa_Tet15_14	4452776	4452776	1	0	4.27981396360701	4.27981396360701	4.27981396360701	5	20	32	29	34	Ler.Ler.Col.Ler	28.75	4450185	4454241	2028	1	4056	FiFa
FiFa_Tet15	Chr5	15	FiFa_Tet15_15	8747875	8747940	7	65	3.23479287629841	1.56469632797075	4.02234278337811	14	17.1428571428571	18.7142857142857	21.8571428571429	7	Col.Ler.Col.Col	16.1785714285714	8747860	8747956	80.5	66	96	FiFa
FiFa_Tet15	Chr5	16	FiFa_Tet15_16	22342537	22342563	2	26	0.87521282960632	0.875077113551638	0.875348545661002	14	13.5	16.5	9	14.5	Col.Ler.Col.Col	13.375	22342488	22342634	86	27	146	FiFa
FiFa_Tet15	Chr5	17	FiFa_Tet15_17	23636244	23636244	1	0	1.0413015097043	1.0413015097043	1.0413015097043	8	27	31	24	29	Col.Col.Col.Ler	27.75	23635244	23637106	931	1	1862	FiFa
FiFa_Tet15	Chr5	18	FiFa_Tet15_18	25174435	25174435	1	0	9.35581468826653	9.35581468826653	9.35581468826653	3	22	8	18	11	Ler.Col.Ler.Ler	14.75	25173499	25175560	1030.5	1	2061	FiFa
FiFa_Tet15	Chr5	19	FiFa_Tet15_19	25469236	25469308	7	72	6.42190163930645	3.06053565036908	8.58242530470568	15	16.2857142857143	6	13.4285714285714	8.57142857142857	Ler.Col.Col.Col	11.0714285714286	25469170	25469381	141.5	73	211	FiFa
FiFa_Tet15	Chr5	20	FiFa_Tet15_20	26246502	26246837	2	335	5.57856213411707	5.29579771740206	5.86132655083208	15	24.5	29.5	21	22	Ler.Col.Col.Col	24.25	26245810	26247606	1065.5	336	1796	FiFa
QAB_Tet12	Chr1	1	QAB_Tet12_1	30211949	30212057	2	108	15.442869991376	10.8857399827521	20	2	34	29.5	46	37	Co.Ler.Ler.Ler	36.625	30210801	30212248	777.5	109	1447	QAB
QAB_Tet12	Chr2	2	QAB_Tet12_2	19227607	19228002	3	395	20	20	20	9	31	35.6666666666667	41	49.3333333333333	Ler.Ler.Ler.Col	39.25	19226098	19228809	1553	396	2711	QAB
QAB_Tet12	Chr5	3	QAB_Tet12_3	3846459	3846459	1	0	20	20	20	9	33	27	32	35	Ler.Ler.Ler.Col	31.75	3846022	3851004	2491	1	4982	QAB
QAB_Tet12	Chr5	4	QAB_Tet12_4	14734300	14734335	3	35	11.6954084287058	8.21665812763199	14.8084617345128	9	24.6666666666667	33.3333333333333	32	43	Ler.Ler.Ler.Col	33.25	14734173	14734383	122.5	36	210	QAB
QAB_Tet13	Chr1	1	QAB_Tet13_1	7182151	7182151	1	0	4.45485436522416	4.45485436522416	4.45485436522416	5	35	20	27	40	Ler.Ler.Col.Ler	30.5	7181710	7182332	311	1	622	QAB
QAB_Tet13	Chr2	2	QAB_Tet13_2	966048	966119	6	71	13.3196574840363	6.59790478286765	20	8	31.3333333333333	20.1666666666667	18.3333333333333	14.3333333333333	Col.Col.Col.Ler	21.0416666666667	966004	966135	101	72	131	QAB
QAB_Tet13	Chr3	3	QAB_Tet13_3	1832560	1832570	3	10	20	20	20	3	33.3333333333333	37.6666666666667	34	33.6666666666667	Ler.Col.Ler.Ler	34.6666666666667	1831557	1832868	660.5	11	1311	QAB
QFa_Tet16	Chr1	1	QFa_Tet16_1	24672691	24672691	1	0	1.18697075413661	1.18697075413661	1.18697075413661	14	5	15	9	14	Col.Ler.Col.Col	10.75	24672580	24673093	256.5	1	513	QFa
QFa_Tet16	Chr1	2	QFa_Tet16_2	24785941	24786060	3	119	0.802834239062729	0.506321365157563	0.951406465550918	15	8.66666666666667	8.33333333333333	15.3333333333333	14.3333333333333	Ler.Col.Col.Col	11.6666666666667	24781171	24786134	2541	120	4963	QFa
QFa_Tet16	Chr2	3	QFa_Tet16_3	5987059	5987112	4	53	5.84457953411257	4.79799320926405	6.75817106084824	14	19	18.5	29	12.25	Col.Ler.Col.Col	19.6875	5986921	5987438	285	54	517	QFa
QFa_Tet16	Chr2	4	QFa_Tet16_4	11671747	11671795	2	48	14.0620672910253	12.9476960622431	15.1764385198074	9	21	17.5	29	20.5	Ler.Ler.Ler.Col	22	11669003	11671920	1482.5	49	2917	QFa
QFa_Tet16	Chr2	5	QFa_Tet16_5	16910868	16911059	2	191	7.13752939819277	6.24162329239886	8.03343550398668	15	33.5	27	25	20	Ler.Col.Col.Col	26.375	16909770	16911452	936.5	192	1682	QFa
QFa_Tet16	Chr3	6	QFa_Tet16_6	3254469	3254469	1	0	6.2630879413752	6.2630879413752	6.2630879413752	15	32	21	33	25	Ler.Col.Col.Col	27.75	3232390	3279079	23344.5	1	46689	QFa
QFa_Tet16	Chr3	7	QFa_Tet16_7	4437135	4437135	1	0	13.6386194247341	13.6386194247341	13.6386194247341	5	24	24	25	21	Ler.Ler.Col.Ler	23.5	4436691	4439720	1514.5	1	3029	QFa
QFa_Tet16	Chr3	8	QFa_Tet16_8	16921483	16921511	3	28	1.77722982602564	1.77278890241073	1.77975203265761	14	21.3333333333333	7	11	21.3333333333333	Col.Ler.Col.Col	15.1666666666667	16921432	16921855	225.5	29	423	QFa
QFa_Tet16	Chr3	9	QFa_Tet16_9	18234555	18234748	2	193	16.7323156453831	13.4646312907662	20	2	29	22	23.5	21.5	Co.Ler.Ler.Ler	24	18234030	18235039	601	194	1009	QFa
QFa_Tet16	Chr4	10	QFa_Tet16_10	337430	337432	2	2	1.10290975846597	1.10290288055441	1.10291663637752	15	37	22	18	21	Ler.Col.Col.Col	24.5	337136	338334	600	3	1198	QFa
QFa_Tet16	Chr5	11	QFa_Tet16_11	3095749	3096859	5	1110	11.1129455817615	6.28157651999028	14.653559774527	2	13.2	15.6	18.4	18.6	Co.Ler.Ler.Ler	16.45	3095165	3097034	1489.5	1111	1869	QFa
QFa_Tet16	Chr5	12	QFa_Tet16_12	5234476	5235906	6	1430	11.4335012515143	3.36476326367218	15.954589770191	5	20.3333333333333	14	20.3333333333333	21.5	Ler.Ler.Col.Ler	19.0416666666667	5233530	5237963	2931.5	1431	4433	QFa
QFa_Tet16	Chr5	13	QFa_Tet16_13	7303597	7306811	7	3214	10.708554421479	6.02851953912004	14.523226006032	14	22.1428571428571	18.1428571428571	18.7142857142857	22	Col.Ler.Col.Col	20.25	7303220	7308056	4025	3215	4836	QFa
QFi_Tet17	Chr1	1	QFi_Tet17_1	4585041	4585081	4	40	2.03206554694087	1.99391285779592	2.04545282445685	14	8	9.25	3.75	10.75	Col.Ler.Col.Col	7.9375	4584909	4585143	137	41	234	QFi
QFi_Tet17	Chr1	2	QFi_Tet17_2	12330912	12331833	7	921	10.1832828065764	3.83996910218311	12.6479503291667	14	30.1428571428571	18.1428571428571	14.2857142857143	13	Col.Ler.Col.Col	18.8928571428571	12330666	12332807	1531	922	2141	QFi
QFi_Tet17	Chr1	3	QFi_Tet17_3	22720748	22720809	4	61	0.500770854293173	0.499495858192059	0.501284619339044	8	26	22.5	5.75	11.25	Col.Col.Col.Ler	16.375	22720739	22721084	203	62	345	QFi
QFi_Tet17	Chr1	4	QFi_Tet17_4	24628799	24629038	2	239	8.64584396328666	7.84009426627071	9.45159366030261	2	18.5	14	16.5	17	Co.Ler.Ler.Ler	16.5	24627678	24629210	885.5	240	1532	QFi
QFi_Tet17	Chr1	5	QFi_Tet17_5	26617713	26619364	14	1651	11.1931486675366	7.83529044703664	13.8307381292239	9	20.5714285714286	19.8571428571429	14.5	13.0714285714286	Ler.Ler.Ler.Col	17	26617345	26619841	2073.5	1652	2496	QFi
QFi_Tet17	Chr2	6	QFi_Tet17_6	762480	762601	4	121	0.358540961915535	0.358015621901385	0.359054558757682	8	6	7.75	5.75	5.5	Col.Col.Col.Ler	6.25	762118	763540	771.5	122	1422	QFi
QFi_Tet17	Chr2	7	QFi_Tet17_7	8042602	8042602	1	0	4.02633147629215	4.02633147629215	4.02633147629215	8	12	15	36	19	Col.Col.Col.Ler	20.5	8041985	8043269	642	1	1284	QFi
QFi_Tet17	Chr3	8	QFi_Tet17_8	10236113	10236120	2	7	0.38249136899407	0.382489327718506	0.382493410269633	8	21	32	11	16.5	Col.Col.Col.Ler	20.125	10233776	10236582	1406.5	8	2806	QFi
QFi_Tet17	Chr3	9	QFi_Tet17_9	21061318	21061432	3	114	13.2343831773506	9.04924249677297	15.954589770191	2	22	20.3333333333333	24.3333333333333	15.3333333333333	Co.Ler.Ler.Ler	20.5	21061264	21061938	394	115	674	QFi
QFi_Tet17	Chr4	10	QFi_Tet17_10	16099001	16099001	1	0	11.9149377466091	11.9149377466091	11.9149377466091	9	28	30	23	24	Ler.Ler.Ler.Col	26.25	16098572	16100045	736.5	1	1473	QFi
QFi_Tet17	Chr4	11	QFi_Tet17_11	16481579	16481579	1	0	5.02786147084987	5.02786147084987	5.02786147084987	14	37	26	18	22	Col.Ler.Col.Col	25.75	16480758	16482645	943.5	1	1887	QFi
QFi_Tet17	Chr4	12	QFi_Tet17_12	16618869	16618869	1	0	10.7315431527107	10.7315431527107	10.7315431527107	9	49	37	17	19	Ler.Ler.Ler.Col	30.5	16617325	16622324	2499.5	1	4999	QFi
QFi_Tet17	Chr4	13	QFi_Tet17_13	17818852	17818852	1	0	15.653559774527	15.653559774527	15.653559774527	5	35	20	32	18	Ler.Ler.Col.Ler	26.25	17818243	17819701	729	1	1458	QFi
QFi_Tet17	Chr5	14	QFi_Tet17_14	2082314	2082377	6	63	2.43388527116341	1.85781202559803	2.59382623986257	15	16.5	9.33333333333333	5.5	6	Ler.Col.Col.Col	9.33333333333333	2082122	2082738	339.5	64	616	QFi
QFi_Tet17	Chr5	15	QFi_Tet17_15	4876399	4876617	3	218	12.5785200523648	10.1129269002291	14.2733485328154	5	27.3333333333333	18.3333333333333	15.6666666666667	15.6666666666667	Ler.Ler.Col.Ler	19.25	4876198	4877059	539.5	219	861	QFi
QFi_Tet17	Chr5	16	QFi_Tet17_16	5749086	5749230	3	144	6.17556851021193	4.76649378279422	6.92228031134308	12	16	22	21.3333333333333	21.6666666666667	Col.Col.Ler.Col	20.25	5747697	5749277	862	145	1580	QFi
QFi_Tet17	Chr5	17	QFi_Tet17_17	7660449	7660457	4	8	3.57393504698729	3.52285780302752	3.59295634795843	15	20.75	10.5	8.5	17	Ler.Col.Col.Col	14.1875	7660167	7661712	776.5	9	1545	QFi
QFi_Tet17	Chr5	18	QFi_Tet17_18	8263752	8263752	1	0	2.01849150193572	2.01849150193572	2.01849150193572	9	14	15	17	10	Ler.Ler.Ler.Col	14	8263064	8264461	698.5	1	1397	QFi
QFi_Tet17	Chr5	19	QFi_Tet17_19	19952847	19952885	5	38	2.36828096199234	2.31844778548576	2.39652437170153	8	25.2	15.6	7.2	13.4	Col.Col.Col.Ler	15.35	19952826	19953155	183.5	39	329	QFi
QFi_Tet17	Chr5	20	QFi_Tet17_20	20092091	20092173	2	82	13.085673134514	10.5177864945009	15.653559774527	2	27.5	20	26.5	23.5	Co.Ler.Ler.Ler	24.375	20091974	20092905	506.5	83	931	QFi
QFi_Tet17	Chr5	21	QFi_Tet17_21	24279259	24280771	7	1512	10.3880373032568	5.73263706207658	13.6804319209273	9	23.7142857142857	12.2857142857143	14.7142857142857	14.8571428571429	Ler.Ler.Ler.Col	16.3928571428571	24279100	24281351	1881.5	1513	2251	QFi
QFi_Tet17	Chr5	22	QFi_Tet17_22	26052893	26053075	2	182	12.5306025181818	10.3370641875509	14.7241408488127	3	24	37	25	25.5	Ler.Col.Ler.Ler	27.875	26051938	26053934	1089	183	1996	QFi
QFi_Tet18	Chr1	1	QFi_Tet18_1	9023437	9023437	1	0	13.2918319385094	13.2918319385094	13.2918319385094	12	47	66	45	66	Col.Col.Ler.Col	56	9021875	9024232	1178.5	1	2357	QFi
QFi_Tet18	Chr1	2	QFi_Tet18_2	17359497	17359497	1	0	20	20	20	2	57	63	52	53	Co.Ler.Ler.Ler	56.25	17358898	17361071	1086.5	1	2173	QFi
QFi_Tet18	Chr1	3	QFi_Tet18_3	29006768	29006811	2	43	0.384778262398363	0.381733741569261	0.387822783227465	5	29.5	52.5	38.5	32	Ler.Ler.Col.Ler	38.125	29006174	29007434	651.5	44	1260	QFi
QFi_Tet18	Chr2	4	QFi_Tet18_4	8503456	8503456	1	0	10.9862796398433	10.9862796398433	10.9862796398433	14	59	69	55	59	Col.Ler.Col.Col	60.5	8503212	8506272	1530	1	3060	QFi
QFi_Tet18	Chr2	5	QFi_Tet18_5	18961510	18961510	1	0	2.14555984092019	2.14555984092019	2.14555984092019	14	36	33	31	52	Col.Ler.Col.Col	38	18961223	18962044	410.5	1	821	QFi
QFi_Tet18	Chr3	6	QFi_Tet18_6	3951385	3951385	1	0	20	20	20	3	54	37	38	56	Ler.Col.Ler.Ler	46.25	3950979	3953125	1073	1	2146	QFi
QFi_Tet18	Chr3	7	QFi_Tet18_7	3962079	3962079	1	0	4.80107463729415	4.80107463729415	4.80107463729415	12	39	63	52	48	Col.Col.Ler.Col	50.5	3961439	3962577	569	1	1138	QFi
QFi_Tet18	Chr3	8	QFi_Tet18_8	4354098	4354098	1	0	14.954589770191	14.954589770191	14.954589770191	9	38	45	46	41	Ler.Ler.Ler.Col	42.5	4351668	4356622	2477	1	4954	QFi
QFi_Tet18	Chr3	9	QFi_Tet18_9	4477704	4477704	1	0	20	20	20	2	52	65	46	75	Co.Ler.Ler.Ler	59.5	4477282	4478594	656	1	1312	QFi
QFi_Tet18	Chr3	10	QFi_Tet18_10	4744301	4744301	1	0	15.4774685154713	15.4774685154713	15.4774685154713	3	44	37	45	40	Ler.Col.Ler.Ler	41.5	4743939	4744735	398	1	796	QFi
QFi_Tet18	Chr3	11	QFi_Tet18_11	5254901	5254901	1	0	20	20	20	3	39	60	32	32	Ler.Col.Ler.Ler	40.75	5253129	5255037	954	1	1908	QFi
QFi_Tet18	Chr4	12	QFi_Tet18_12	258135	258203	2	68	20	20	20	2	35.5	46.5	44	43	Co.Ler.Ler.Ler	42.25	257674	259252	823	69	1578	QFi
QFi_Tet18	Chr4	13	QFi_Tet18_13	1175926	1176417	2	491	5.50426641822237	0.857059304533434	10.1514735319113	14	34	45	36.5	38.5	Col.Ler.Col.Col	38.5	1175899	1177243	917.5	492	1344	QFi
QFi_Tet18	Chr4	14	QFi_Tet18_14	15080733	15080733	1	0	11.3263848155894	11.3263848155894	11.3263848155894	15	37	52	37	51	Ler.Col.Col.Col	44.25	15080301	15082104	901.5	1	1803	QFi
QFi_Tet18	Chr4	15	QFi_Tet18_15	17396752	17400584	9	3832	13.0731245503395	6.86265834801391	20	15	30.1111111111111	39.5555555555556	22	32.3333333333333	Ler.Col.Col.Col	31	17395374	17401102	4780	3833	5728	QFi
QFi_Tet18	Chr4	16	QFi_Tet18_16	17815496	17815496	1	0	6.98835377854764	6.98835377854764	6.98835377854764	12	44	46	52	24	Col.Col.Ler.Col	41.5	17814773	17817833	1530	1	3060	QFi
QFi_Tet18	Chr4	17	QFi_Tet18_17	17904462	17904500	2	38	6.66719191926402	6.31078045689686	7.02360338163118	9	68	61.5	36	59	Ler.Ler.Ler.Col	56.125	17903502	17905568	1052	39	2066	QFi
QFi_Tet18	Chr5	18	QFi_Tet18_18	5202921	5202936	2	15	17.8267798872635	15.653559774527	20	3	44.5	33.5	51	46.5	Ler.Col.Ler.Ler	43.875	5202311	5203299	501.5	16	988	QFi
QFi_Tet18	Chr5	19	QFi_Tet18_19	9296757	9296757	1	0	4.75921913836678	4.75921913836678	4.75921913836678	15	19	24	16	17	Ler.Col.Col.Col	19	9296241	9297800	779.5	1	1559	QFi
QFi_Tet18	Chr5	20	QFi_Tet18_20	16106719	16106719	1	0	11.0585322704051	11.0585322704051	11.0585322704051	8	39	50	60	50	Col.Col.Col.Ler	49.75	16106251	16107603	676	1	1352	QFi
QFi_Tet18	Chr5	21	QFi_Tet18_21	16300737	16300737	1	0	8.63716939533431	8.63716939533431	8.63716939533431	2	37	35	16	32	Co.Ler.Ler.Ler	30	16300309	16301166	428.5	1	857	QFi
QFi_Tet18	Chr5	22	QFi_Tet18_22	23119076	23119076	1	0	10.3128311809242	10.3128311809242	10.3128311809242	9	31	29	52	23	Ler.Ler.Ler.Col	33.75	23100287	23137091	18402	1	36804	QFi
QFi_Tet18	Chr5	23	QFi_Tet18_23	24067122	24067122	1	0	9.45393800429272	9.45393800429272	9.45393800429272	14	23	41	53	36	Col.Ler.Col.Col	38.25	24066282	24068490	1104	1	2208	QFi
QFi_Tet18	Chr5	24	QFi_Tet18_24	25210276	25210276	1	0	3.04613654005854	3.04613654005854	3.04613654005854	9	43	53	21	38	Ler.Ler.Ler.Col	38.75	25210101	25210764	331.5	1	663	QFi
QFiFa_Tet19	Chr1	1	QFiFa_Tet19_1	3102662	3102662	1	0	3.58127254208345	3.58127254208345	3.58127254208345	12	25	18	30	34	Col.Col.Ler.Col	26.75	3101676	3104294	1309	1	2618	QFiFa
QFiFa_Tet19	Chr1	2	QFiFa_Tet19_2	3473536	3473647	3	111	9.97387935805479	6.92572310662197	12.5523283877363	12	23.6666666666667	21	21.3333333333333	27.3333333333333	Col.Col.Ler.Col	23.3333333333333	3473495	3474347	481.5	112	852	QFiFa
QFiFa_Tet19	Chr1	3	QFiFa_Tet19_3	20169673	20169903	2	230	6.09081728783874	5.63037987744311	6.55125469823438	15	15.5	22	14.5	22	Ler.Col.Col.Col	18.5	20168721	20170832	1170.5	231	2111	QFiFa
QFiFa_Tet19	Chr1	4	QFiFa_Tet19_4	27088772	27088772	1	0	2.69887453498886	2.69887453498886	2.69887453498886	2	11	12	26	17	Co.Ler.Ler.Ler	16.5	27088460	27089100	320	1	640	QFiFa
QFiFa_Tet19	Chr1	5	QFiFa_Tet19_5	30219901	30222103	6	2202	13.5797161128919	8.90654674498803	20	2	18.1666666666667	13.6666666666667	16.8333333333333	19	Co.Ler.Ler.Ler	16.9166666666667	30219609	30223138	2865.5	2203	3529	QFiFa
QFiFa_Tet19	Chr2	6	QFiFa_Tet19_6	115824	115824	1	0	13.0737761779102	13.0737761779102	13.0737761779102	5	24	22	20	22	Ler.Ler.Col.Ler	22	115565	116582	508.5	1	1017	QFiFa
QFiFa_Tet19	Chr2	7	QFiFa_Tet19_7	465973	466017	5	44	2.4098176715749	2.28674982677128	2.44619050618593	15	15	15.6	7	18.4	Ler.Col.Col.Col	14	465711	466111	222	45	400	QFiFa
QFiFa_Tet19	Chr3	8	QFiFa_Tet19_8	458740	458740	1	0	0.479267213350368	0.479267213350368	0.479267213350368	8	37	24	24	26	Col.Col.Col.Ler	27.75	457940	459169	614.5	1	1229	QFiFa
QFiFa_Tet19	Chr3	9	QFiFa_Tet19_9	4993792	4995187	4	1395	12.3595342384423	9.12942047493327	15.255619765855	15	35.25	31	31	27.25	Ler.Col.Col.Col	31.125	4992894	4996789	2645	1396	3895	QFiFa
QFiFa_Tet19	Chr3	10	QFiFa_Tet19_10	19826078	19826078	1	0	13.0912669100705	13.0912669100705	13.0912669100705	2	35	26	29	29	Co.Ler.Ler.Ler	29.75	19825138	19826960	911	1	1822	QFiFa
QFiFa_Tet19	Chr3	11	QFiFa_Tet19_11	20695191	20696893	6	1702	14.0393452966795	9.91403054523935	20	3	24.1666666666667	22	21.8333333333333	23.8333333333333	Ler.Col.Ler.Ler	22.9583333333333	20694308	20698212	2803	1703	3904	QFiFa
QFiFa_Tet19	Chr4	12	QFiFa_Tet19_12	7194653	7194653	1	0	8.02425093119716	8.02425093119716	8.02425093119716	9	32	12	26	23	Ler.Ler.Ler.Col	23.25	7194122	7194793	335.5	1	671	QFiFa
QFiFa_Tet19	Chr4	13	QFiFa_Tet19_13	8197686	8197686	1	0	10.2371847505003	10.2371847505003	10.2371847505003	8	56	35	20	40	Col.Col.Col.Ler	37.75	8196554	8198418	932	1	1864	QFiFa
QFiFa_Tet19	Chr4	14	QFiFa_Tet19_14	10006303	10006334	2	31	6.38390376984787	6.37723594510658	6.39057159458915	15	23	22.5	27	29	Ler.Col.Col.Col	25.375	10005199	10006542	687	32	1343	QFiFa
QFiFa_Tet19	Chr4	15	QFiFa_Tet19_15	11146944	11147342	3	398	12.2484987829257	7.76059609445691	15.954589770191	14	32.3333333333333	28.6666666666667	33.6666666666667	31.3333333333333	Col.Ler.Col.Col	31.5	11146435	11147626	794.5	399	1191	QFiFa
QFiFa_Tet19	Chr4	16	QFiFa_Tet19_16	16524301	16525976	2	1675	2.12985749022101	0.743726197743144	3.51598878269887	14	10.5	12.5	18.5	18.5	Col.Ler.Col.Col	15	16524239	16526948	2192	1676	2709	QFiFa
QFiFa_Tet19	Chr5	17	QFiFa_Tet19_17	15869840	15871676	10	1836	14.8498802492359	12.2180339230284	20	3	23.4	20.6	26.4	19.5	Ler.Col.Ler.Ler	22.475	15869346	15872789	2639.5	1837	3443	QFiFa
QFiFa_Tet19	Chr5	18	QFiFa_Tet19_18	21493249	21495776	10	2527	13.1070275902488	4.68155865278916	20	14	30	22.4	24.3	23.8	Col.Ler.Col.Col	25.125	21492684	21496030	2936.5	2528	3346	QFiFa
QFiFa_Tet19	Chr5	19	QFiFa_Tet19_19	22019412	22019412	1	0	5.87622299771465	5.87622299771465	5.87622299771465	9	15	17	12	18	Ler.Ler.Ler.Col	15.5	22019148	22020495	673.5	1	1347	QFiFa
QFiFa_Tet19	Chr5	20	QFiFa_Tet19_20	26818417	26818417	1	0	13.8115749699369	13.8115749699369	13.8115749699369	9	33	20	26	23	Ler.Ler.Ler.Col	25.5	26818104	26818921	408.5	1	817	QFiFa
QFiFa_Tet20	Chr2	1	QFiFa_Tet20_1	18187787	18187787	1	0	2.01079066348075	2.01079066348075	2.01079066348075	12	24	20	37	25	Col.Col.Ler.Col	26.5	18177528	18192909	7690.5	1	15381	QFiFa
QFiFa_Tet20	Chr3	2	QFiFa_Tet20_2	21748891	21749371	2	480	20	20	20	5	42.5	26	35.5	20	Ler.Ler.Col.Ler	31	21748645	21749824	829.5	481	1179	QFiFa
QFiFa_Tet20	Chr4	3	QFiFa_Tet20_3	12998767	12998767	1	0	0.524461216541671	0.524461216541671	0.524461216541671	12	26	24	31	23	Col.Col.Ler.Col	26	12997813	12999088	637.5	1	1275	QFiFa
QFiFa_Tet20	Chr5	4	QFiFa_Tet20_4	2118737	2119384	4	647	12.9096927220805	1.83005036129119	20	5	25	17	31	19.75	Ler.Ler.Col.Ler	23.1875	2118409	2119848	1043	648	1439	QFiFa
QFiFa_Tet20	Chr5	5	QFiFa_Tet20_5	26766446	26766446	1	0	20	20	20	3	32	45	28	33	Ler.Col.Ler.Ler	34.5	26765053	26768820	1883.5	1	3767	QFiFa
wt_Tet1	Chr1	1	wt_Tet1_1	12337950	12337950	1	0	2.03691665304717	2.03691665304717	2.03691665304717	9	45	40	40	38	Ler.Ler.Ler.Col	40.75	12337823	12338176	176.5	1	353	wt
wt_Tet1	Chr2	2	wt_Tet1_2	792991	792991	1	0	20	20	20	5	69	36	49	59	Ler.Ler.Col.Ler	53.25	792680	793504	412	1	824	wt
wt_Tet1	Chr2	3	wt_Tet1_3	5648961	5649084	6	123	19.0927749602532	14.556649761519	20	9	41.8333333333333	30.3333333333333	38.8333333333333	53.3333333333333	Ler.Ler.Ler.Col	41.0833333333333	5648223	5649119	509.5	124	896	wt
wt_Tet1	Chr3	4	wt_Tet1_4	5962022	5962063	4	41	16.5687045411804	11.8642964388809	20	12	55.5	38.5	41.75	57.5	Col.Col.Ler.Col	48.3125	5960846	5963104	1149.5	42	2258	wt
wt_Tet1	Chr3	5	wt_Tet1_5	6709958	6709958	1	0	20	20	20	2	57	47	65	80	Co.Ler.Ler.Ler	62.25	6707122	6713521	3199.5	1	6399	wt
wt_Tet1	Chr4	6	wt_Tet1_6	660712	660712	1	0	4.09931734020109	4.09931734020109	4.09931734020109	15	57	40	50	73	Ler.Col.Col.Col	55	658722	661517	1397.5	1	2795	wt
wt_Tet1	Chr5	7	wt_Tet1_7	1453933	1453933	1	0	12.6658935096007	12.6658935096007	12.6658935096007	14	72	53	59	70	Col.Ler.Col.Col	63.5	1453741	1456229	1244	1	2488	wt
wt_Tet1	Chr5	8	wt_Tet1_8	6607203	6607203	1	0	9.57865304803411	9.57865304803411	9.57865304803411	14	57	31	45	57	Col.Ler.Col.Col	47.5	6606218	6610020	1901	1	3802	wt
wt_Tet1	Chr5	9	wt_Tet1_9	8874155	8874155	1	0	9.82165418362187	9.82165418362187	9.82165418362187	14	60	42	81	75	Col.Ler.Col.Col	64.5	8873886	8876444	1279	1	2558	wt
wt_Tet2	Chr5	1	wt_Tet2_1	7860813	7860813	1	0	2.09728820691398	2.09728820691398	2.09728820691398	12	50	45	40	53	Col.Col.Ler.Col	47	7860215	7861657	721	1	1442	wt
wt_Tet2	Chr5	2	wt_Tet2_2	16142069	16142087	4	18	12.9960293170557	6.75447046029899	20	12	67.5	30	25.75	42.75	Col.Col.Ler.Col	41.5	16142045	16142125	49	19	80	wt
wt_Tet2	Chr5	3	wt_Tet2_3	26906900	26906900	1	0	20	20	20	2	46	54	45	50	Co.Ler.Ler.Ler	48.75	26906226	26907199	486.5	1	973	wt
wt_Tet3	Chr1	1	wt_Tet3_1	489092	489092	1	0	20	20	20	3	36	50	38	32	Ler.Col.Ler.Ler	39	485402	523868	19233	1	38466	wt
wt_Tet3	Chr1	2	wt_Tet3_2	29114959	29114959	1	0	20	20	20	2	37	51	36	43	Co.Ler.Ler.Ler	41.75	29112073	29115576	1751.5	1	3503	wt
wt_Tet3	Chr4	3	wt_Tet3_3	15811213	15811302	2	89	13.7041971837323	12.9589545755935	14.4494397918711	2	16.5	23.5	18	20.5	Co.Ler.Ler.Ler	19.625	15810728	15813237	1299	90	2509	wt
wt_Tet3	Chr5	4	wt_Tet3_4	10964875	10968698	4	3823	17.3569342279699	13.9502683964084	20	5	41.5	33.75	32.5	32.75	Ler.Ler.Col.Ler	35.125	10964375	10968846	4147	3824	4471	wt
wt_Tet3	Chr5	5	wt_Tet3_5	16858727	16858727	1	0	6.16053958329192	6.16053958329192	6.16053958329192	14	45	69	45	48	Col.Ler.Col.Col	51.75	16858047	16859136	544.5	1	1089	wt
wt_Tet4	Chr3	1	wt_Tet4_1	5570483	5570483	1	0	1.89436156593962	1.89436156593962	1.89436156593962	12	36	33	35	43	Col.Col.Ler.Col	36.75	5570301	5571024	361.5	1	723	wt
wt_Tet4	Chr3	2	wt_Tet4_2	18765023	18765070	2	47	20	20	20	5	37.5	27	35	51.5	Ler.Ler.Col.Ler	37.75	18763290	18765275	1016	48	1985	wt
wt_Tet4	Chr3	3	wt_Tet4_3	20337621	20337621	1	0	20	20	20	5	40	36	37	56	Ler.Ler.Col.Ler	42.25	20335221	20338983	1881	1	3762	wt
Fa_Tet7	Chr2	1	Fa_Tet7_1	10358809	10358809	1	0	7.96757834913808	7.96757834913808	7.96757834913808	14	56	72	92	58	Col.Ler.Col.Col	69.5	10358526	10359180	327	1	654	Fa
Fa_Tet7	Chr3	2	Fa_Tet7_2	2668053	2668053	1	0	20	20	20	9	76	62	60	47	Ler.Ler.Ler.Col	61.25	2667747	2671530	1891.5	1	3783	Fa
Fa_Tet7	Chr3	3	Fa_Tet7_3	3632327	3632327	1	0	2.76689716005397	2.76689716005397	2.76689716005397	15	43	43	36	34	Ler.Col.Col.Col	39	3631888	3633849	980.5	1	1961	Fa
Fa_Tet7	Chr3	4	Fa_Tet7_4	19018098	19018129	2	31	20	20	20	9	76.5	80.5	107.5	74	Ler.Ler.Ler.Col	84.625	19016484	19018534	1040.5	32	2050	Fa
Fa_Tet7	Chr5	5	Fa_Tet7_5	8143645	8143645	1	0	20	20	20	2	67	48	89	52	Co.Ler.Ler.Ler	64	8142360	8144215	927.5	1	1855	Fa
Fi_Tet10	Chr1	1	Fi_Tet10_1	2875886	2875886	1	0	20	20	20	3	40	60	71	111	Ler.Col.Ler.Ler	70.5	2875396	2878963	1783.5	1	3567	Fi
Fi_Tet10	Chr1	2	Fi_Tet10_2	22778379	22778379	1	0	3.32182450181583	3.32182450181583	3.32182450181583	3	24	13	31	42	Ler.Col.Ler.Ler	27.5	22778008	22779054	523	1	1046	Fi
Fi_Tet10	Chr1	3	Fi_Tet10_3	27686543	27686543	1	0	5.48864606293314	5.48864606293314	5.48864606293314	2	47	25	57	89	Co.Ler.Ler.Ler	54.5	27686250	27686590	170	1	340	Fi
Fi_Tet10	Chr2	4	Fi_Tet10_4	469938	469938	1	0	12.8739632832692	12.8739632832692	12.8739632832692	12	57	55	52	69	Col.Col.Ler.Col	58.25	469464	470841	688.5	1	1377	Fi
Fi_Tet10	Chr2	5	Fi_Tet10_5	7506900	7506900	1	0	5.06184825000912	5.06184825000912	5.06184825000912	12	27	25	19	43	Col.Col.Ler.Col	28.5	7505094	7507139	1022.5	1	2045	Fi
Fi_Tet10	Chr2	6	Fi_Tet10_6	9520745	9520752	2	7	20	20	20	12	56	46.5	48	82.5	Col.Col.Ler.Col	58.25	9518341	9522856	2261	8	4515	Fi
Fi_Tet10	Chr2	7	Fi_Tet10_7	10668446	10668446	1	0	3.67963372960507	3.67963372960507	3.67963372960507	8	58	48	40	86	Col.Col.Col.Ler	58	10668185	10668993	404	1	808	Fi
Fi_Tet10	Chr2	8	Fi_Tet10_8	18542817	18542817	1	0	7.56862429241313	7.56862429241313	7.56862429241313	15	40	42	46	76	Ler.Col.Col.Col	51	18539861	18548697	4418	1	8836	Fi
Fi_Tet10	Chr3	9	Fi_Tet10_9	1292741	1292976	3	235	20	20	20	12	59.6666666666667	74.3333333333333	69.6666666666667	93.3333333333333	Col.Col.Ler.Col	74.25	1292302	1293557	745	236	1255	Fi
Fi_Tet10	Chr4	10	Fi_Tet10_10	6215819	6215838	2	19	9.6605706793923	9.06710474729399	10.2540366114906	8	79.5	73.5	38	91.5	Col.Col.Col.Ler	70.625	6215636	6216077	230	20	441	Fi
Fi_Tet10	Chr4	11	Fi_Tet10_11	17116440	17116657	4	217	20	20	20	3	54.25	72	55.25	80	Ler.Col.Ler.Ler	65.375	17116277	17116747	343.5	218	470	Fi
Fi_Tet10	Chr5	12	Fi_Tet10_12	2864625	2864625	1	0	20	20	20	3	43	41	46	67	Ler.Col.Ler.Ler	49.25	2861682	2874908	6613	1	13226	Fi
Fi_Tet10	Chr5	13	Fi_Tet10_13	5932758	5932976	8	218	17.9351368585156	10.7825008246564	20	8	53.75	55.875	36.75	79.75	Col.Col.Col.Ler	56.53125	5932634	5933217	400.5	219	583	Fi
Fi_Tet10	Chr5	14	Fi_Tet10_14	8239710	8239710	1	0	20	20	20	3	38	62	66	101	Ler.Col.Ler.Ler	66.75	8238937	8240055	559	1	1118	Fi
Fi_Tet10	Chr5	15	Fi_Tet10_15	23452200	23452200	1	0	11.8785321744282	11.8785321744282	11.8785321744282	15	53	57	64	85	Ler.Col.Col.Col	64.75	23450856	23453225	1184.5	1	2369	Fi
Fi_Tet10	Chr5	16	Fi_Tet10_16	23669024	23669024	1	0	20	20	20	9	59	54	66	88	Ler.Ler.Ler.Col	66.75	23668082	23669432	675	1	1350	Fi
wt_Tet5	Chr2	1	wt_Tet5_1	15787609	15787706	2	97	20	20	20	3	38	63	50	70.5	Ler.Col.Ler.Ler	55.375	15787269	15789098	963	98	1829	wt
wt_Tet5	Chr2	2	wt_Tet5_2	16997011	16997011	1	0	9.12417761360757	9.12417761360757	9.12417761360757	8	35	59	55	77	Col.Col.Col.Ler	56.5	16995305	16999503	2099	1	4198	wt
wt_Tet5	Chr5	3	wt_Tet5_3	24906198	24906198	1	0	14.2470195940931	14.2470195940931	14.2470195940931	2	45	33	40	69	Co.Ler.Ler.Ler	46.75	24905840	24907061	610.5	1	1221	wt
